143135 138560 121496 142292 123001 136424 122414 143545 116022 121328 130342 121998 120919 157141 119291 104965 148186 138818 128447 124472 123670 127587 121407 129363 124843 134508 144563 150084 125729 123747 143922 123457 132432 132439 123899 133653 122356 131265 143514 115939 132371 151851 136655 130712 123098 135950 110596 140957 122322 123466 
115054 108521 109072 120622 103271 108627 99272 123176 94595 113707 114830 102093 115344 122037 96312 91452 121569 111089 111240 97791 113738 108102 97711 110080 107350 106467 120578 119419 116085 98464 102439 103854 100284 112207 106729 108629 91651 96821 111661 85340 110696 127640 121876 112041 114869 112537 99056 119114 107619 114545 
126495 124262 114655 134944 115481 118446 115329 128151 119685 114010 128937 110514 128539 140485 105999 110739 149861 128887 112746 123161 110963 123458 106410 113337 117406 138169 139076 134692 121178 110235 127332 112798 107836 128504 107197 122073 119591 116448 138357 107752 121842 142314 123362 113744 114587 122329 105735 149453 114258 133508 
145179 126692 123287 131578 115828 126336 112376 123751 112404 106365 139828 121030 134534 135413 123125 111179 139419 118706 119486 125882 123778 125742 110822 132562 119699 142050 125269 146858 124515 122223 130577 110362 116483 130886 117601 116289 125070 111401 127713 109597 132376 134230 136080 120421 108863 143705 98144 143717 110845 127216 
158675 148661 140858 155569 135265 141763 126940 161358 125316 140749 145646 142866 143179 168131 133750 126283 160901 138198 136109 138417 144043 149757 131788 138368 129104 144098 148610 167977 145857 141823 147759 142067 139969 153847 136211 144363 144624 151827 157197 130614 161460 156560 135005 147217 137941 163825 119790 164467 130576 141255 
142549 141605 130181 149182 129607 120021 131607 137141 121814 127896 133656 128643 137944 158712 132675 112923 141738 130139 127826 123307 131216 136992 126183 140304 130163 135841 148177 148962 134651 121449 143170 129548 135569 138760 128391 136255 120573 135670 161929 119235 153026 156039 132926 141835 126511 150818 118986 159363 134555 129366 
125069 103009 103383 108828 98523 112087 105056 109783 89268 103779 105042 107082 105292 140180 106532 92522 111306 107651 107353 105485 104745 108267 91224 113455 109568 120402 115964 120223 99634 101758 106939 104443 95480 103673 98354 102075 105604 102525 120624 96285 118866 125281 113691 96590 106243 126380 83297 121058 99251 103479 
112299 103909 119583 123911 99218 102314 92986 119314 113223 127443 124278 117251 115340 130809 101927 100037 132322 106911 108858 104208 104343 110220 97870 113480 99403 116218 125238 133721 113017 107294 101600 105650 98971 114808 96878 97788 96544 107735 119072 90031 137151 121060 109472 106029 102065 131320 102057 134084 111650 106858 
134705 130564 121764 130921 113449 113725 111890 124044 129825 118372 131083 112754 127746 143726 106555 99003 137726 131122 113918 107091 115031 119752 111838 121776 120615 125523 135122 141887 133250 113478 114728 121043 117036 122916 117128 113973 118652 101884 125459 100693 120431 141390 129419 111223 109942 132006 117470 134564 113553 118204 
153192 139269 145194 159723 138879 124319 119816 153912 128908 138553 149353 130694 132747 164671 124171 120181 144158 128840 122538 125954 124913 131947 134775 142301 130600 144549 152571 157787 133626 119114 129592 141198 131399 145695 126039 145678 128775 133411 146312 113245 147962 153169 147786 139427 139567 148166 124813 158475 135583 147003 
140516 128634 115832 129176 126961 128849 115827 131075 114552 120395 119050 120215 129986 153571 113354 105625 128892 131943 117799 114387 122252 126800 114240 122027 121888 122983 134733 132616 132962 124216 136576 123591 119621 124043 114432 129628 129758 128691 140096 105722 126710 147881 118908 119457 124092 121021 105526 133978 113110 131820 
154966 143057 140692 149779 136940 138678 123657 140605 130253 131196 145471 135017 144136 167958 135671 114246 147305 135859 133029 126056 128930 137333 137286 145529 127058 147648 152408 162930 137152 135101 156716 120346 145585 147186 130231 141962 126683 141573 158145 124180 152583 157958 143196 148515 120149 150176 117227 154246 133026 139517 
142622 140478 128821 150845 123182 120130 121088 149050 107823 127219 134924 123624 127889 153624 121382 101696 136418 124936 135517 128529 128548 129634 115988 126590 123316 129860 140900 150365 114936 119587 138373 127195 132451 142625 126613 125808 117499 126047 150700 103620 134120 145531 135686 127773 117894 137237 112661 154542 120262 128672 
152015 131871 138972 140760 130619 131126 114870 138620 114638 127564 136513 126362 121556 156693 128267 112368 149653 130047 129748 123330 128170 123034 134294 146425 120622 150860 137912 143274 131275 116673 133755 125822 131455 145469 125942 123914 119777 126356 132724 112849 141240 153922 157978 128880 131795 142714 111064 144337 136591 127013 
144008 149082 129116 152780 141350 146901 129737 147725 133085 136968 145047 141459 138840 163642 126532 116986 162800 137855 140345 131011 127438 141098 122917 143003 127403 148284 163587 154459 129539 133672 142472 136037 127630 141806 133137 134814 126013 138120 167094 115462 156221 156488 150894 136756 135687 151181 106751 167447 141596 138277 
125507 130549 125289 141011 109713 119377 112298 122474 111068 124988 140277 122696 121136 142915 112748 91768 138124 112593 113446 118072 109973 113689 115384 129922 108018 129914 132095 140872 114773 111040 115452 107375 113260 122465 112003 123702 99175 116892 134899 96208 128730 133550 128334 111133 111138 143943 110001 143600 120892 114653 
115138 116657 117073 131668 123417 117989 106707 126310 112779 126302 124892 125143 124093 153208 112734 102534 137155 119029 112804 121791 120198 116202 115384 125035 107747 128029 128375 123470 124133 110157 123191 117800 102311 130613 117073 111612 116970 122135 140599 103122 131677 127718 115391 107542 122681 140948 100861 140770 117121 121005 
140228 112510 126048 121066 119712 114201 108163 129542 105378 108502 124597 119976 124798 141867 118253 110434 128577 125324 113319 122385 122291 126964 105324 123345 111007 126372 131301 137802 114851 107936 121325 116530 108251 116590 111607 110798 113795 113598 118451 110016 120814 130083 131475 106089 110605 134850 94992 138587 106812 129274 
145931 131748 131941 146129 129265 129466 118297 144214 117292 134535 144553 130512 128076 158108 125207 117147 139092 122835 132449 118900 131226 125013 118782 140376 117704 132339 143918 146792 128543 116189 124446 123805 120539 144776 128451 134258 118276 128238 134610 108926 140512 149675 140279 122952 126581 145983 108445 156437 124401 145587 
140575 126592 125271 141797 132467 128188 107557 133726 121721 112987 134966 129283 134959 139899 108750 108183 136656 132073 115921 120340 115395 111748 111533 129406 116713 142067 139859 136144 116283 121739 128012 124747 111387 124446 127633 120154 126691 113908 132284 105137 125664 145370 135368 127637 111777 129296 101045 139619 118753 132301 
140508 145956 133968 131182 118436 113845 117610 121289 117853 118081 135520 134473 131604 141040 128409 107729 134739 126765 125533 121731 121822 123351 128839 133153 130094 141212 131502 139453 127145 117774 125599 118317 122030 127715 119872 129765 117235 115541 134772 118698 131984 137753 124089 120929 120460 149059 107895 139005 111096 127153 
127523 121973 110684 125026 114127 121106 113616 121201 97529 102333 129170 109154 116399 133611 122305 102468 131271 115986 108856 115214 114426 124445 109666 126702 116059 117662 126567 130325 120248 106497 119857 106378 111586 121154 109995 111295 109460 114716 126972 109191 114607 126150 133191 117895 118786 129143 97930 133751 115708 116131 
122217 134231 126809 147449 119209 112786 104653 134797 123156 123507 136103 114735 131372 135861 115952 95287 133905 123659 125582 113402 125056 119801 117564 131858 115887 135764 138685 147191 123502 119249 127724 116464 132820 127917 122359 128515 101992 110383 131108 106955 127809 130985 140578 122825 110872 127848 101125 134660 113005 122964 
144441 135726 125301 134745 132308 135429 122912 134587 123541 125637 136377 128903 131786 151158 105137 111677 149885 136400 134921 117722 122070 122001 122130 121917 119478 129369 151747 143973 126236 119261 131718 122182 110282 128217 118490 135244 114923 121000 140471 111276 133438 151426 125231 120552 121969 141132 108426 150650 124491 138090 
143655 126773 121535 129787 123398 121665 112003 128426 104707 112344 120778 120544 120383 148833 116736 108860 115704 118848 116906 107842 117242 118375 112144 128426 112759 129020 131068 130530 123056 120676 120099 120162 117610 123242 110630 128415 121653 113488 131544 109609 130267 139940 137331 113810 111411 127432 90616 136883 102671 132801 
137183 122788 121873 134200 123535 121184 114562 128486 111489 128168 125538 126087 120694 145784 121603 100779 145647 125827 120062 112345 117297 123173 115990 132578 112928 128086 136957 128737 132402 111199 125410 122163 117095 132906 121085 112288 114327 120720 131233 98636 135826 148731 134533 121064 130899 136969 114080 147011 135544 114528 
125649 116863 105175 129013 115695 115722 109756 119767 106768 107187 128009 111108 124197 136544 110376 110653 127802 108793 121024 105813 117296 126319 95178 118574 110665 127755 131578 132431 124064 110077 117922 121936 114115 125674 110004 111760 114987 108149 135278 109975 136213 124795 124193 106276 112258 138870 88974 134917 96739 130002 
134467 117919 117130 140463 117860 123233 107263 130142 112683 111843 124500 117460 130696 144090 113071 95371 129589 127171 128117 110172 112851 121839 99326 123691 114611 122424 141781 139505 111325 116337 131689 119258 126451 127613 110677 117755 118343 123632 139102 109044 121748 140543 127203 120708 113941 117034 104583 134719 113351 128464 
125982 126461 109453 123211 115292 113592 104694 122137 100036 108083 110350 114380 114401 139556 111959 96513 126020 117029 114505 102230 111048 109870 108560 116478 107734 118224 119320 119821 110119 114151 119854 106989 119875 118724 102249 118683 123042 114035 128978 97437 124551 133743 121350 111494 114161 122127 93139 128695 110514 110399 
144171 115204 119689 130669 121252 123232 101955 127887 102694 112206 126542 114654 124247 144200 120924 103592 121096 118181 106331 112808 110530 121386 109795 129422 104466 131779 128848 136803 111263 119201 118864 115365 113377 114389 110515 111047 118441 114320 125260 93899 131021 136854 143538 114631 109814 131506 96210 135099 113559 120257 
128211 124938 115320 121035 115026 116024 116290 126417 96510 115422 128333 113516 121369 136718 110890 108831 135997 109989 110082 119372 109029 123171 107982 118565 115458 131843 131143 135269 126086 105565 116395 123632 113465 133576 112555 114948 120425 109892 134366 107727 122436 128869 126618 113674 120192 132315 104435 139586 108918 120987 
128416 129455 128550 141658 126850 115227 94707 148678 123864 136986 125722 122044 120580 140464 107624 100998 140540 125974 119266 114573 114160 116267 117892 125686 104960 126315 139088 140819 121273 105306 113772 115109 123359 135618 121726 125839 114693 121323 129442 97927 122193 134657 128492 128155 115426 119313 106708 145668 123454 120066 
119373 110809 111981 119202 100105 99924 104264 106330 94566 107353 111050 104197 103115 126742 113261 86267 133337 119632 96580 102845 109021 110650 112000 107800 106782 116177 113278 126185 120345 105969 121008 94645 110634 114574 100932 117843 100204 115354 108487 94583 121277 128870 114522 119371 107995 128745 99795 119472 111961 105504 
150799 137652 142892 144325 129685 126658 127981 138028 124440 126957 147398 130612 125601 153714 127500 112562 137570 132735 129341 126417 131940 123682 129412 135376 129045 138849 143703 147530 129484 125551 136196 132620 125464 136067 121791 145944 121199 123713 143438 119263 143236 150441 143685 136179 126708 149485 109163 147963 118503 143199 
148421 153069 153389 139479 123342 129877 126348 150048 130034 145524 141085 138078 134866 165026 127575 104561 163741 144258 135643 128709 142066 137252 131146 137720 137809 145347 147574 161326 145209 130886 132509 130910 137023 146022 132025 137258 133016 138369 142865 130106 151756 153416 136715 134397 145027 164824 124521 148073 134079 128535 
157407 149002 147246 160576 135323 143106 127249 143016 117020 141398 148420 156039 151587 155989 130468 107179 154955 138175 144892 131322 146266 138653 128409 144643 134291 145768 150855 158572 135649 141253 139835 134485 137970 145318 135770 149197 134785 138181 145493 117236 144929 158688 153077 141457 135437 159554 116608 155623 135148 141993 
159652 142006 141666 146195 137734 141183 128890 146569 122250 121010 148583 134558 147090 153843 129503 126877 148839 134328 133437 134372 120999 140676 115835 137708 129334 147797 160762 156603 126566 138898 138026 128225 132655 137062 124582 133745 137357 125897 150456 126395 147495 151256 146303 131425 125824 150003 106718 161943 117326 148091 
125380 108364 111489 112619 114377 115321 99831 107389 100018 94547 122791 101512 116502 125261 111122 107529 120696 117804 97494 108658 101040 116677 103915 118474 103725 116497 117891 129375 106394 113829 120280 102608 108611 110744 94106 111099 112723 113282 125411 100889 118315 116766 121301 121981 96480 123109 77346 137301 102669 119826 
134432 121573 126509 135246 113785 121790 112988 121524 106387 127746 136518 136264 115334 142428 113836 105658 128395 122243 115852 111918 103189 117573 102711 130712 117440 123919 133930 126927 120032 114774 113263 116495 112842 123137 103262 121464 112911 111082 129629 99550 123460 141769 131279 120139 114486 137394 106362 142615 114015 129630 
131749 126324 124043 135875 118042 113700 104440 143157 126714 124602 133490 122084 119473 152047 113372 108207 133636 127508 126497 114514 115100 116758 108969 120273 118757 133042 137078 146711 117430 113828 117789 114286 117358 121917 118817 115147 112430 102748 128989 105467 127957 131423 131516 118607 110845 136947 99634 141306 109460 124189 
140487 130276 142283 153699 135706 130210 129557 154374 126861 129227 145872 136131 132442 152601 127353 124021 150475 141837 146832 127726 127660 134467 121838 133257 128657 153609 157261 145341 123005 130066 137286 136909 134587 139632 117704 142065 121151 125656 152700 110666 149088 158328 161247 138392 141939 135538 105935 173350 131783 153216 
130301 131275 126318 145084 121771 125802 111198 131224 119621 113754 129429 122043 130352 142206 124887 100047 123047 125980 121204 109985 115120 123826 113094 129457 123203 135793 140673 134243 117415 125247 129598 115461 121528 124339 120714 126035 110408 116068 142151 108922 134933 137127 138244 120635 110351 127257 94375 138838 106733 131064 
148991 141892 139051 159716 137950 129036 119483 152969 116297 128368 136593 135959 133902 147136 135272 107893 152196 143024 121670 123172 131207 145328 126050 129563 129278 135451 147856 154212 136440 123806 134587 127631 135921 147854 142329 140324 129370 142667 133507 108701 134914 152625 153556 137535 141528 143908 121678 151421 133999 144594 
142722 147171 142857 139995 117696 121994 121056 141904 113501 125703 149906 135272 132895 143632 116583 89916 133669 118349 134978 117738 119869 117257 112114 143944 128294 144632 148692 151298 120268 121215 118059 129619 139520 146690 123530 137991 129654 119270 139155 116856 126583 148313 135155 120172 131733 143672 116140 144538 119097 129121 
150696 129550 130270 132740 127255 129036 117283 131834 114695 114155 139179 132674 131721 149693 128557 114196 134608 127877 129531 121536 132270 120877 115218 143036 127512 134762 134775 135699 126849 119852 125319 135858 112331 128030 127286 116564 123386 116262 133705 113131 134340 143673 139134 124497 122087 140697 101294 139728 113550 132023 
125107 106550 106710 122265 111838 103298 95928 115338 99690 105510 122437 111686 114529 130029 107419 100644 108277 109383 104660 105018 94011 101007 103539 120613 103494 122912 114700 124669 103390 107006 109866 105087 103462 111480 90431 106920 102978 95579 117994 91904 117777 123710 112364 118032 96307 111767 86461 127340 104664 114524 
127077 134506 129338 127943 108662 114311 115331 118806 111412 125933 119746 124949 113755 136750 119465 89931 141305 115188 130040 104893 120045 111040 123191 119545 116232 129995 129119 120143 124768 102716 134571 109103 115859 141416 121669 126116 100848 121380 135368 112150 135091 144965 124871 122105 121290 140877 108482 139790 127043 116435 
123137 130429 122957 136181 115016 113025 111809 130784 116938 115695 134504 118383 131520 147427 115858 104994 136703 123981 124820 125857 126562 120343 115586 131950 120686 129457 134620 132329 123844 104591 126842 114003 121543 128043 110060 128087 116732 116862 144483 120754 117926 130318 123232 127131 108551 133799 104355 144155 113040 123255 
150625 131521 129395 143519 135935 130886 126508 135990 114781 120582 146131 128933 133883 144833 122826 118711 151329 130558 126073 130713 120544 128821 121284 128285 119819 143469 146253 156783 132507 130967 138738 129551 125170 147018 124370 125243 127868 116477 141887 115592 142359 146766 136160 126299 120886 147060 113385 149540 115095 135701 
138958 128770 126734 144875 123619 121119 115039 135915 103078 127023 127749 131266 133648 143768 114608 112970 145801 138742 125071 121403 129663 126201 112606 124314 126650 127389 139059 147362 120391 114898 122682 121997 117339 128150 116287 133084 123092 118496 126264 111442 128330 142561 132779 125042 116060 145627 106417 147509 122423 131481 
