90939 92034 88123 73712 95183 90543 107232 97803 82600 84680 78493 71748 89467 81837 88788 74788 70365 65890 75883 88459 88741 77948 63867 86884 70532 103281 73560 94724 88254 83460 
81908 86412 82224 76496 69720 87680 99972 84097 72374 80911 70903 65552 82778 70378 84007 69085 76558 72658 78141 85837 67792 72105 61573 78101 64079 97061 69492 74227 84237 80043 
64038 75009 78408 61794 79957 71175 82785 79062 73114 74094 52037 66526 67389 63971 70501 55685 61621 54638 73101 77410 65338 75721 51405 70419 54358 80646 58777 83794 68029 62919 
78613 83166 72271 71152 75704 77289 95058 81345 66687 73369 67085 61601 76752 67319 76394 59253 62545 55624 72440 81889 69923 71230 55415 76444 65496 91113 60510 75638 72841 71133 
78849 84211 86634 78232 94412 79112 95790 86460 87424 89992 63578 70770 84439 84823 81164 71347 63284 69843 79939 90789 80604 81410 58715 80325 68175 91826 71241 95399 81319 82091 
70181 72650 74512 59746 69938 64941 79136 72753 67378 62316 62105 57780 63130 56740 65533 53458 50560 59375 64603 73410 62015 66965 48170 69643 54942 82217 55052 71563 66343 62780 
89593 101369 98977 88320 94998 91999 118754 115815 87384 94709 84027 72673 94789 86077 88763 80660 73459 73358 95261 96129 91203 87315 66238 98452 80886 110144 77133 106073 82204 93861 
72395 77925 81642 68483 78601 76853 81382 82045 73351 70962 55153 56527 71743 67748 70312 59283 63266 62063 70617 80216 62142 71907 46799 75851 55120 86054 55448 79477 69516 74812 
62630 77656 74431 61310 69957 63447 81204 77241 67733 63045 57860 59449 61859 59952 61517 56192 57837 57823 71298 73751 59854 72161 46093 75382 59587 77010 59949 69858 62853 63279 
69471 78591 79176 72201 78005 67261 89303 84212 74603 86754 60984 61541 81579 73334 77436 64610 56005 68911 76463 83717 73677 77153 52114 72443 58608 85581 69452 85490 72520 72654 
84639 89508 85981 85473 82994 81158 104296 86175 79848 78974 67491 69299 86097 80704 84576 69390 74921 69535 80825 80833 74353 75881 62580 91430 71750 103419 70433 86901 70918 77344 
73229 81937 79105 73374 69311 69227 95084 84696 68087 67029 68583 60077 75632 71472 72448 62446 64760 69477 81906 75148 61915 73237 49570 81299 60011 89986 64732 81164 67311 69301 
70525 74981 71656 61781 66716 76495 85255 76095 54272 56826 62552 52940 74666 70115 61592 55180 41513 65827 58376 66574 58434 63459 45222 67627 51396 75059 49134 69609 66223 68593 
73730 79077 79606 73998 72264 77057 89537 77072 71942 78701 57618 63836 72685 68667 80675 60939 57805 70411 73236 76236 64447 70033 52135 79851 57524 92027 62360 73856 66605 72296 
83636 81124 77567 68225 67071 80088 92358 84001 75262 80990 69584 62643 77136 67024 75488 68102 73360 70312 76757 85050 74158 69467 55902 73087 60508 94091 62510 81788 82639 76084 
78716 89627 80311 71506 79867 81583 94124 88955 81730 80753 72148 68653 80083 74002 76390 71628 66137 69370 82605 91001 69927 79807 59078 81339 62728 92497 67344 79983 80583 86011 
81470 81954 73645 78243 76007 72769 91197 82517 72258 76539 66167 66313 75525 75930 63376 64366 61589 70058 67642 79551 69783 66798 56794 76674 64408 85571 63084 79703 67113 61473 
68774 77234 76084 71783 75087 67035 83135 84141 68598 72529 61089 55580 73969 62900 75873 59934 54974 53395 66873 75983 67027 70479 45487 70133 58563 87041 61973 74142 66922 70302 
96293 104430 95083 80261 88002 94708 111014 101203 84806 89540 81416 72903 90404 82895 81254 78662 78843 88569 91011 99584 71439 90727 67138 94421 72769 105822 73608 89890 87413 88561 
79699 84485 82701 68012 93687 79008 94397 98659 80085 86255 68034 70582 79289 68508 77876 69148 61519 58559 77087 82113 81095 87047 51688 73789 69498 90366 60032 91103 73600 74380 
71010 76218 74404 70396 66672 70914 86325 70824 62097 74246 59272 52084 68745 64945 67212 57416 59303 63639 64772 72418 56379 60143 53829 70988 59229 81778 64615 68743 61817 62609 
63482 70788 57805 53656 59324 56583 74659 72172 49867 62838 61478 50600 66720 57414 59808 50419 46201 60502 64579 65793 54972 64562 46788 53819 53083 72004 49676 66365 61427 58794 
62948 66003 67512 55782 70238 67870 81187 72158 61517 70492 59625 58519 68425 64100 56069 47110 42162 56162 57844 67686 69420 53277 46201 62179 54312 69111 52131 82264 57342 58337 
62500 62041 56608 47084 59330 58394 74091 66845 55315 68942 56382 50949 62779 54328 62356 51128 43642 62018 65937 62014 50522 62252 43946 55846 52635 67794 52079 65787 61653 61306 
80199 93042 81694 81137 77430 74634 100932 89927 72400 74458 80037 66298 73245 78026 71152 68895 62446 64895 77636 77697 78104 69276 52330 82471 71184 89096 66295 79599 67073 71033 
89982 98474 95840 85343 95350 82919 110952 99936 83495 87769 81078 73345 89844 80012 85421 79388 68379 71467 85088 96543 79930 85118 68114 95119 79250 104405 82899 92618 88360 83729 
65137 71859 62052 53609 67998 59946 72441 66249 65452 72469 56371 57566 55618 51091 61912 52195 54549 53821 66514 78142 54313 63793 55747 64821 54543 79402 56551 67339 62249 58146 
67743 82205 74116 65148 78544 81471 90116 86147 60745 73363 61839 57371 81912 67810 79286 65452 64820 60457 69261 73928 65043 78188 52716 72019 56249 86443 58537 71242 69955 73506 
70592 73207 63477 64390 74664 77311 84190 79294 73081 79713 52330 61265 77198 68406 68729 64683 71930 66647 71176 81779 60613 71724 55158 66233 55990 84841 59340 75378 67182 68379 
76943 85114 74442 72752 84802 68600 88010 87102 69996 72574 65868 64511 69300 75243 67183 66123 56180 61252 69124 83477 70017 71109 55088 79082 64404 81241 63143 77069 74220 65210 
