31260 34963 30855 17098 30156 31350 29676 35359 36301 26887 
17194 24553 23811 10953 22359 19869 19788 25871 24677 20036 
23923 32956 29358 13788 27074 26434 23919 33130 30787 23027 
29462 41815 31300 18126 38453 37895 36655 38171 42264 31148 
29531 34986 28979 17005 29749 32780 30602 35352 33673 20458 
24337 36379 27142 16629 29927 31577 26574 34610 32786 27335 
18870 18906 17732 11711 17149 17282 17984 20450 20761 16005 
24461 21637 21526 15315 19973 23173 19546 23390 26308 16785 
23927 29296 26265 11992 25333 28150 19412 30178 26609 20611 
19760 21380 21225 10308 21762 21388 17943 24895 22230 16646 
