116341 109430 102801 131376 126198 120860 127395 128590 139318 123325 138752 123283 120700 133350 121458 125775 123233 117869 117333 124983 128980 111062 111942 122264 142212 114906 107230 126842 113172 119130 126242 110400 83373 132238 133862 140143 123703 110964 143960 120175 127688 142221 130046 110604 129141 136303 133809 128997 129715 120614 
106766 105720 106401 128542 114230 118126 96222 130635 132523 124516 128132 118828 110793 115058 113802 106305 96160 104170 105319 128376 123668 114552 112619 119285 123135 94185 120432 117440 103206 117172 125516 109223 92967 118753 103511 131413 122777 114415 132759 130353 130434 113650 108193 93261 116112 120137 122890 110332 123124 125909 
106252 117952 112627 140496 124495 125551 112149 139910 150458 135421 137032 133151 130442 136028 110874 139454 112448 113363 127745 142031 134461 113588 127539 122988 137769 98773 123182 133660 123132 128558 127785 123478 105489 129170 125841 145233 141385 129515 141017 136484 128316 126784 138828 99535 127273 138294 128511 135685 137052 132933 
101894 101863 90326 108637 114972 102973 99235 121006 117208 119188 116538 111335 116286 110369 99421 111142 95017 96579 109141 111977 121554 89642 105516 110306 127609 98976 111275 113553 97556 100716 112878 107343 84988 108293 108935 116388 114788 102632 126986 109838 108306 112203 117249 90601 116498 117941 121150 113111 120687 107885 
111225 109603 111234 135876 113244 125127 112297 138697 154666 122580 142370 121423 124236 128560 117020 126544 108059 108919 113189 137194 125828 112846 119734 126469 129901 101149 122987 116682 110919 109009 122694 106065 108987 135088 118700 152764 138706 121356 127292 126326 125895 127550 123731 106831 123200 135494 122519 134967 125259 132999 
107523 105633 103047 106428 100893 101420 97979 110187 131265 123107 128209 100999 119027 121207 110024 116957 104019 97154 111083 122137 108797 97948 111309 115194 128281 95353 112620 104548 96670 99951 110659 92403 85603 121146 112182 130504 118352 104322 119563 113584 125554 115021 114340 92025 116981 125087 108757 121409 111785 125056 
112412 111768 110996 130082 114207 124482 100327 125459 151454 123537 125347 110837 117796 122055 120746 126812 105607 102291 124624 140374 123800 99908 124803 114878 128946 112940 117410 115649 120879 118744 120060 114558 99728 120681 118228 136668 129855 116069 130383 122890 127094 132001 125059 101591 124674 126323 115359 132495 127919 118336 
119626 121308 116357 144479 124143 112318 110633 132836 140921 136277 136984 132996 133831 124511 118382 132718 116756 129376 115532 145303 129512 120269 116978 122655 139331 112582 114998 134575 113402 123047 133602 118901 101065 129298 129042 138694 132517 123877 151185 127404 138044 141093 126367 118274 134305 133152 127131 128485 133063 128752 
91675 85204 94886 109165 105449 97760 84833 112345 122882 102107 115377 101612 99149 114254 103240 93716 98366 89062 105325 104972 114603 104827 104184 101230 126031 91405 100839 105493 94563 95367 109932 93711 85169 100704 103061 121122 108104 94734 124840 112553 111774 95805 111345 91744 108514 108381 103837 106017 116390 112269 
93222 105495 91507 113849 110357 110508 106596 125101 136312 110448 120236 106080 104386 117537 106892 105184 88749 86950 113308 115230 121202 102586 101902 112648 120920 98308 109436 106528 99373 108042 110118 100514 81623 110267 105395 130552 119522 99573 137373 113924 114810 119114 112110 84930 108652 119052 122740 114057 123911 124407 
116378 120347 119585 147454 125619 129429 101590 143655 139302 133491 145456 133765 127864 121456 114606 125084 115358 122068 114418 139775 136525 121812 128051 135905 136469 105227 120293 135333 117186 124372 141099 124047 100171 121887 124011 145272 124779 125608 146171 139107 135790 129309 134922 113300 138814 138448 119366 122289 139163 131979 
135083 134393 126905 138036 137381 136367 126112 138151 161139 139597 164036 128888 133235 144394 140111 146041 118281 124139 134249 150897 137962 124207 147449 144096 149982 120395 137213 140152 128789 141350 146738 124793 100628 140243 138880 162441 148760 128762 145360 148215 144199 145554 145361 118958 142170 150600 134892 141903 146085 140385 
122310 124259 125148 132551 120519 131581 116290 141155 164968 131524 154489 128090 135881 136734 131688 134147 122152 112392 138871 155057 140191 119879 139535 141623 144950 111875 133580 128274 119907 132059 150239 116472 113141 139113 123930 157521 151434 129444 157168 149958 147964 137883 134257 116257 130851 148684 132506 149811 140063 149376 
106382 109314 91464 112877 110574 113026 96172 109517 126016 121310 115577 99465 110360 116449 97529 122222 91846 95287 109134 123099 114302 90505 103877 101480 127091 101623 104587 113886 98537 110214 113800 102755 88093 110708 114426 127579 128759 106420 116163 108326 113886 112592 116152 84802 110797 119337 105406 117489 114767 108352 
113317 119854 118909 138761 125283 122860 114440 131843 145100 120512 141632 118280 125592 133874 130236 115477 107250 108597 121579 131480 125720 92548 133048 119090 129363 99937 129141 119817 110592 114012 128769 115432 103515 136190 116616 141382 131783 126679 135756 134885 126355 129810 130350 101140 120213 131355 134607 136893 127254 126631 
147229 127729 128492 145074 134209 135095 119141 154195 163571 139605 158378 133267 132122 136544 138688 143894 122157 132940 127554 156220 151469 137833 143765 146029 152609 124552 147565 144870 130471 134113 156516 130998 109197 134630 140606 162461 146019 121391 158275 142203 150151 146158 148895 128104 155348 154562 142063 144723 146354 150113 
111229 112838 102457 113542 121594 114511 106843 122801 139026 118496 131583 99679 114441 120145 104736 126401 96295 100210 115636 121678 124325 103970 122815 114074 132104 104125 127138 114141 105881 112252 124355 106945 101677 109784 110354 139076 140596 105568 126893 111279 123148 120071 122286 98169 120586 128612 117609 120443 127657 126858 
103999 108431 107508 128901 105117 112979 103843 123353 148120 108674 128564 105511 117587 122365 115511 106166 92425 101404 123431 136785 127100 113185 130471 104739 119691 95841 128460 104400 112084 119655 114798 101385 97411 103814 111063 136205 127923 103753 131446 123521 123064 132562 126457 85880 115049 131198 120749 128185 110310 122910 
118340 119157 96956 113886 109816 122092 104770 123733 131061 123802 121194 105296 115479 115505 109091 121372 107082 107121 114031 135016 118461 99190 116599 128191 140893 99605 116963 113823 100345 108048 122918 97972 93840 124922 119890 142265 132326 104980 130482 125419 126740 124162 108609 100815 117729 125700 106054 119331 120600 127017 
117346 106430 99659 109739 113611 120565 114543 124965 126482 116029 131830 115301 109562 126131 109092 112835 96286 105186 101478 119077 126479 106706 110486 119554 136076 99306 122208 111768 102719 118027 131309 103660 80681 129299 124711 137803 122193 111592 128489 123979 122492 127670 117918 92359 114634 126306 120812 114778 110791 123970 
97726 119656 105385 122346 107066 102570 105519 126810 126510 117273 123548 124650 120762 127845 111358 118484 113022 102881 115835 122270 114372 108931 110913 116530 141063 83997 103139 116889 105502 97556 131407 102476 92674 121550 113028 139910 121568 111198 141048 133242 135702 117208 122093 98519 116390 126039 107900 120241 123718 126720 
90655 98180 84932 107931 124129 112199 86628 108020 110454 113065 111129 103307 92683 105091 94121 109615 83643 89006 100738 114147 111678 89998 109676 105879 116525 92793 107035 104894 106842 106621 101970 98451 76841 107584 94516 116522 120406 96002 109075 103266 103308 112803 108796 83015 108294 106621 114153 97830 110316 99959 
100237 111162 93474 114544 119794 104230 94484 120519 120510 126820 118569 108686 112293 109817 108586 123832 103672 106082 117127 121431 115323 98987 121152 118894 145399 93831 111992 114531 113582 105075 124811 114203 89680 118808 110817 129951 137767 103527 133468 120887 120709 109756 115438 97368 115028 109688 111496 111889 128006 109871 
129273 129566 115485 147015 142616 126092 109007 151601 146764 140431 152194 130437 147182 140848 136044 140163 119511 130704 135748 138331 147260 132930 140930 130818 161031 114291 133915 136969 119692 126601 136736 133703 104085 129873 132748 149649 144880 124659 152641 152935 139880 133334 150304 112555 135937 121035 138231 129384 150114 131123 
123699 121651 112557 130105 127863 125381 110508 131568 146878 132224 142516 110798 123599 130984 116392 130465 104613 107163 120621 127665 124469 109531 129238 124480 139376 110513 123063 123694 112435 122674 133758 118199 98258 130206 126626 146105 139054 109488 135135 127393 127344 133934 134175 91303 123130 133025 126206 128678 137223 129653 
110115 109515 105512 124435 112460 114641 94187 125168 127946 121650 117752 108753 114963 100666 103594 118393 98081 97924 110101 128801 118952 97752 113630 128312 116759 96521 118333 106445 102994 105178 121068 96422 96584 116537 107905 126719 121628 97235 136234 110482 116045 122406 112023 94356 116918 127954 122500 119133 118480 116041 
114185 102338 90708 110336 115953 122394 116744 125924 138033 110022 126515 111642 102853 121746 116902 115675 94310 100312 109822 116722 118168 102907 112900 108308 123682 98283 118297 122135 110407 115933 123566 102444 92183 120136 115137 128660 131730 118991 123666 110845 108961 112155 120762 97750 120500 113955 126510 116916 118537 127655 
104516 117694 108720 124226 116603 111111 103381 115942 131986 120388 129191 118022 115645 120996 107352 106649 93323 92393 114144 128271 120471 104360 112116 111809 123033 94543 113622 98178 108680 111021 111822 100386 96151 117528 107892 142098 114952 104663 139223 120822 123234 128563 121872 91463 114222 123747 120153 112690 117961 123949 
125356 114934 117682 132853 140488 130546 118324 144667 160666 122506 157120 113538 120699 129811 133897 137200 109607 116029 116888 125377 140040 125134 138169 131602 143681 112071 132751 126450 123373 138428 144884 119024 101608 135898 132624 151873 147369 126614 142934 131504 131583 122540 133954 115919 142057 135636 139893 131231 144974 136216 
128829 119707 108603 128876 128874 115529 116075 131122 154881 136154 145074 122981 129374 133142 123646 136015 111968 116731 132842 140746 139460 119313 134010 134484 157515 111269 132497 123961 137469 127019 133784 126489 94105 134502 128566 150244 141335 125534 150294 139151 138070 142118 134706 116046 144590 137762 130353 133105 139577 128966 
118894 119984 110358 136359 124246 136802 120453 144393 148226 124037 140989 115789 118344 134743 122395 126781 98025 116828 122501 132614 136961 119086 122941 127510 136472 105966 129407 121402 118897 120977 139939 103656 104978 130006 117278 160565 143675 133354 143497 131518 130914 133749 130255 112311 122721 134463 129452 137105 134800 133114 
106113 101800 97008 122449 107693 114537 100523 122535 144921 107147 127928 102406 110656 118717 113862 116871 100768 90957 109408 121042 115827 101179 120892 110594 118361 93211 121125 105029 113560 104391 110096 95023 98894 110966 107431 133578 125794 105964 117431 109897 113849 122982 122917 93051 117727 125755 115591 122783 113385 116958 
103867 112089 109285 126778 120757 121427 112264 133547 140791 120721 131677 112189 119140 117842 120097 119248 101939 97691 112124 131580 128654 100738 122628 114229 125167 110715 132735 116088 109117 114672 121082 108301 89804 116782 107983 126205 130397 114567 141888 118215 124467 137547 120346 99513 120619 134740 142067 134319 125176 122336 
117544 104302 102128 115172 119606 118715 105886 127386 131255 122450 127498 112536 112300 123861 106530 115650 105218 106734 112601 127904 111388 98219 123358 120563 140313 96505 117465 116424 118806 103297 119921 105217 91276 133474 119517 138943 120091 112371 134707 129854 121267 128190 117921 98973 121828 125283 116496 123870 122931 128260 
113087 122873 99468 128357 121658 128156 114438 125229 142735 118412 132844 118307 124102 131191 126465 123265 104916 107793 117515 126552 121264 111251 123058 100341 138185 101434 121516 128963 117142 118073 119767 109494 90587 132399 120955 138396 137763 122116 136445 132128 126141 131000 124027 100861 131225 116253 127237 126260 122688 124338 
111765 114625 112966 134660 128987 119599 114737 133392 151596 121700 138471 127413 126971 127620 117831 117685 114178 111205 127632 139795 133106 116548 128723 130095 135408 103795 127682 112519 118739 123843 134376 102784 105595 127841 113810 142728 132689 125892 144619 131140 132940 142074 126023 106684 124694 135991 135449 126241 131479 136327 
110523 100846 98140 116511 114408 113809 94340 133110 132172 124516 127705 107787 107865 110775 110203 118456 91291 104505 115828 129677 127091 105378 124296 119690 121888 94545 126764 121295 113290 115283 115325 110167 94747 115136 102952 128597 124391 118282 128644 121750 113604 116319 112101 104355 125044 115198 124399 120695 121282 116789 
118292 108954 113525 139561 114231 125213 119630 141777 150958 115849 144640 121687 125396 133295 123752 130241 114985 114600 112650 128126 128779 115792 118469 125660 134446 108547 122102 120582 112465 116205 137056 116431 102959 126656 118013 153338 131044 124753 135894 128373 134339 132751 130566 114003 123334 140234 133016 131570 124584 131547 
131177 121906 119885 136462 125579 130489 107148 144398 156822 128997 140091 128520 138185 121434 119987 129321 113452 113647 118615 142488 141680 119839 129216 130029 145826 110458 142393 129325 125864 136204 133060 120880 108182 130521 132382 145039 132170 126803 158232 139485 138052 140735 129956 112862 148834 136669 128086 126993 132709 144054 
111008 106680 104978 117683 115275 112423 96162 117159 124576 117761 132936 107971 112114 116073 105840 121681 99074 88967 112711 110902 115779 95628 114714 115325 122474 102213 105539 108216 107274 105046 116923 103456 85784 122148 115227 135183 115745 109407 122544 114667 114636 106657 133260 102824 124469 118867 110241 115805 133621 112656 
134029 127005 119952 151382 127896 135867 121724 142933 159935 135812 150537 132612 136482 148410 143263 133097 116140 122829 137570 149626 141313 123308 146575 120029 149949 124183 129955 136169 128898 130693 145827 125812 109247 144490 142528 160384 145894 136660 149643 145966 140229 139701 148032 120808 146318 146550 145923 148967 143058 132478 
130549 110054 114424 142325 127385 130059 105641 142642 145411 132160 141732 117566 122225 126982 137016 124316 107303 126820 121661 134321 134421 119105 130126 127307 139297 106389 134677 136467 118499 126171 143400 123424 94888 131090 121796 146398 136242 130253 152085 143751 133360 126703 128898 112580 129448 124377 130590 138438 132977 130008 
106458 98698 95832 120058 109819 113481 105189 120424 130295 116815 124265 111356 112523 124987 104933 125050 102596 95811 119880 121912 124966 95941 108293 124352 126986 97019 104839 106028 104078 115687 123563 102427 88373 122874 108986 133552 125026 112528 125645 122763 117821 118172 121153 93447 97005 121261 115985 119953 123219 112150 
107565 112011 110031 137003 115442 115259 107427 127690 139215 115849 135034 112115 118335 116889 115800 113432 103441 99062 107493 124061 113469 102249 111416 118214 120056 96626 114146 110979 98798 108423 117273 93293 95908 121473 117609 136567 122119 118295 132263 119632 121411 124727 122775 101834 115664 122055 116575 124153 123436 124045 
123634 113725 103050 127303 122156 117843 103786 123557 140553 126136 132714 116200 118117 114374 119363 121718 95760 103532 118664 132714 120540 109095 131340 129296 131673 111058 122143 116753 116303 116976 133140 115856 90699 117052 122280 137828 132046 120140 127463 130305 124947 124759 122328 103976 122759 125946 120863 120976 133858 128007 
123359 112798 115184 133925 135063 136658 106629 135832 148798 138722 138699 127671 116432 121667 111765 135579 112893 107137 125312 138540 141912 117590 129628 143757 139040 110700 115480 128852 132418 123727 131426 109401 99546 136656 122959 145913 133269 118216 129505 126711 131848 131018 127065 113936 145051 142538 125383 127307 146013 124409 
124728 119636 115676 120840 121464 140044 104469 131669 143657 125366 139905 97319 115474 118309 113515 131535 97811 106524 107648 129497 132198 107845 127954 121329 137703 113437 129048 117816 108039 119998 124635 112803 94523 119057 119996 140707 126659 112182 130464 120409 118477 125421 124263 106769 133380 131399 123690 130311 125043 123879 
126151 119654 106379 128705 118164 129713 87848 128058 142150 121988 124429 111423 113749 115984 113686 126462 101150 94782 114129 132202 125773 108926 121783 124853 132534 107605 119163 115140 118072 109414 118790 112187 97285 123530 119175 140451 127146 117768 126855 125306 123452 115163 122189 106723 134211 121350 118126 119065 128391 124541 
122887 123817 104104 133983 117876 126384 117834 115020 145059 123672 125720 125134 131356 125515 118536 120237 117321 100369 123038 129400 115809 90009 126415 113857 141481 104506 118875 126463 122208 117359 124553 115177 93261 142184 128851 134424 134838 127504 139668 139699 133485 132491 113330 105741 132844 128800 126053 119253 135178 129288 
127037 113558 115771 135437 129560 137400 113543 137458 156476 135502 150544 118884 129941 127924 131585 140081 120958 121010 129178 136558 143520 118581 130277 131626 143577 121590 129715 137183 117687 138241 145601 123836 99265 135208 120388 145299 142676 128987 152454 137821 140496 133059 127794 124113 145826 137652 133248 133422 147803 136249 
