28707 25725 25436 32363 26294 34269 25918 25233 25908 24069 
33147 32675 34051 38793 32942 40744 34041 32083 29655 24632 
23355 25208 27126 32159 21492 29933 25255 26128 23414 15574 
23057 28783 24706 39357 20503 26761 29800 23769 25572 19195 
21879 18019 21242 23570 19148 24786 16848 22465 18568 13929 
23680 27589 28628 31658 21623 27493 29480 26632 19253 13346 
28869 28240 27272 32014 29285 27594 28925 27858 22251 16522 
26370 26342 23328 31992 19919 27418 28122 26624 19327 16077 
13116 26508 23879 26376 21427 19482 20648 21014 20860 7179 
21254 16729 21190 24553 18430 25312 21840 18559 20257 14778 
