66652 75801 64584 64851 68992 72428 76644 59637 61541 87011 62809 56838 55557 59268 54913 84972 69196 76829 53399 72286 71452 61411 82424 59365 52958 69031 57051 70264 72303 62995 
80112 70928 58437 83386 72813 78892 80050 70857 74495 78518 58679 64131 61943 60595 60181 87493 74771 75688 59378 78526 80124 54538 85053 61968 62987 71054 60600 69942 72788 67671 
70723 69813 57016 70853 66619 76780 77921 60180 67275 69431 58334 66765 56832 65915 63159 87085 69076 73902 63866 73590 74942 59884 83897 65207 56631 71134 57797 71766 67383 66438 
77457 81268 66466 82546 77920 85103 77644 63750 70946 67370 65315 73941 67769 67501 64409 90281 74345 70279 69590 85471 77381 59375 90938 69890 56941 66507 59004 77881 71582 70744 
77077 81210 71431 83306 77720 72034 81275 62845 74757 88620 68067 71764 65484 61646 64714 92795 74926 77559 63862 83261 86480 73495 86215 70382 60143 78257 72517 72077 76996 67156 
76013 81024 68079 80006 78250 76644 96105 62291 61394 85730 72964 64612 60556 75708 68532 92098 83767 73829 68189 86900 76221 66155 98134 64213 62427 81843 64258 81000 79188 74588 
81446 80368 75978 74342 77771 76298 90604 62179 65037 102047 74716 71822 61494 66083 60938 97419 75832 78004 59455 83549 86239 74486 94699 76285 64949 80360 62661 77594 89056 71850 
84500 79952 71199 96757 79763 87740 94417 65705 79187 93393 72621 93060 70197 73808 67945 99855 79334 83216 69863 97732 89625 67190 88654 80779 69791 84341 73458 76430 85357 78459 
92028 89802 83630 90976 91552 96240 97859 71425 83531 108105 77373 87341 77123 78492 72052 109066 87041 91983 73778 96165 97377 75960 97260 78952 79138 91568 82997 81109 92990 84354 
81303 73417 72213 79595 64082 65478 84015 64330 59662 77170 57584 63237 60449 60337 63163 82444 77891 68593 60024 68634 73053 63993 91168 73864 65441 70545 61438 79499 79361 67799 
72660 67424 68365 74933 74251 79338 81341 54339 74048 83650 73177 70793 67160 56031 60164 93540 60852 76818 62274 78860 83496 64599 84430 67595 54411 69795 64255 61245 80653 67312 
89167 84392 75521 90415 84883 88557 103171 70926 87094 89157 85275 80074 75109 70460 77152 107336 89868 84086 80343 86879 90815 63081 112759 78247 66432 77206 66828 91848 97506 83566 
78863 67126 60433 66721 66851 78253 79556 61476 68344 80931 66500 70157 57723 59770 59588 92141 77399 72486 53721 71409 64486 58705 79264 63589 61474 62681 54723 73564 77606 73833 
75545 76832 68674 88161 75672 86279 81897 67207 78016 89015 67178 73355 72165 74826 76135 93532 81025 78698 71197 86612 84796 66209 99746 73676 72324 83362 63608 79489 81519 71179 
83240 81751 76568 92906 80667 86694 96742 66079 74479 85405 70387 77062 74611 71293 72025 94831 83569 80693 66414 87495 86021 59984 93604 73808 66786 83380 70132 77348 85372 74762 
85466 77022 74428 89023 69218 81201 94908 62736 72872 91858 72431 78438 67641 67888 76348 99205 79606 77447 60538 83490 79441 68518 89881 75534 70416 82066 75303 73376 88827 75299 
97481 89442 76257 99149 83373 97406 103569 67232 77418 95253 77365 92509 81570 78154 76251 106022 85767 93628 73160 95802 90868 74749 102318 86316 69470 88104 76971 89245 96908 77441 
94920 82760 78239 94932 82309 92163 87006 68167 84563 92013 79110 80450 72229 83797 78255 99559 89526 82693 72432 97507 86927 74420 104138 82590 69543 81147 73440 89628 89364 81422 
71598 68635 67432 71300 70974 79091 81909 49527 61350 83411 65359 65421 61476 69325 66841 85267 72586 76592 66532 78659 67665 58813 83487 58035 61911 72919 58730 72249 85156 61101 
82837 78181 80393 82096 71346 71281 88237 60056 62669 79735 64687 61236 65026 64156 66222 90678 75666 74030 59474 79995 80696 70603 83866 66027 58476 76642 66551 74253 82557 64989 
91459 87540 79371 88268 82185 84853 79519 67854 76137 89569 72298 77826 70115 73094 61358 95842 86187 76490 66722 93649 87624 78559 92810 81480 63975 80523 77146 77981 76751 78393 
75787 66754 59050 78216 74624 87522 87886 60682 74272 79035 69653 73699 68494 61501 71981 94483 75087 79780 69125 75451 71801 52080 93719 61478 65972 68953 59960 77659 87523 66985 
104445 98026 89893 106817 101625 103678 104823 78191 93888 105738 89603 87851 76035 82241 67849 111814 104644 93653 82285 104947 99534 77302 112193 89080 78398 94321 79663 89229 95513 88487 
58244 59723 58110 57386 60194 59985 66786 41168 52569 82325 67110 58204 48553 48509 49696 72800 57380 62731 55750 68962 63270 55484 73613 61739 46047 55792 57652 60319 71889 61467 
86548 86951 77555 91669 85841 84833 90521 67590 80974 90746 83520 83446 65561 65043 59296 99185 81984 74444 67079 94326 83132 69639 93950 81516 63605 72161 62600 75810 83386 83701 
87416 72460 67616 83703 64527 77371 86694 60073 62079 85255 66449 76910 60938 65118 59260 93643 85286 75256 66142 75059 71317 68829 87998 73385 67810 79267 69158 77340 81294 69915 
92944 93867 82847 88944 85051 91795 89203 74457 80440 92335 74210 82823 73069 79951 74691 106383 93761 80900 75834 100271 93063 78663 103714 88562 72339 87159 73874 91939 88715 81768 
76590 73588 67375 74294 70600 84733 88627 63766 64863 87045 64525 79686 55281 77861 57717 94561 83948 71795 59547 85495 70578 67469 85452 68920 69820 80669 55835 79687 77610 74481 
91132 86131 80644 89109 89126 85200 91770 76303 84920 88076 77131 69330 68254 72933 64873 107719 90292 80401 74735 85529 92094 76875 103384 67403 65411 85038 71116 83843 83015 80741 
91068 78133 79772 98156 74032 89796 102933 71207 77833 87951 73356 84017 68016 71917 69265 106221 84767 91702 79984 89723 91825 65247 98759 77030 74704 92593 79203 81663 89887 74800 
