3 54 11 73 85 26 12 35 10 28 1 59 71 43 65 31 73 79 2 11 12 15 94 58 46 13 41 45 89 94 12 67 30 35 43 9 54 60 8 76 69 84 26 95 14 41 15 71 47 48 12 75 31 37 92 15 88 67 97 21 9 39 15 49 20 12 46 82 2 27 65 71 44 48 39 35 41 25 37 86 61 51 4 45 2 90 16 94 28 78 75 87 44 40 85 50 43 64 39 13 
30 24 12 52 82 49 46 84 71 30 1 44 69 4 29 75 90 10 72 53 33 23 43 39 57 35 77 2 38 70 32 97 36 49 98 49 24 44 3 77 45 9 36 67 12 99 74 54 79 56 30 7 11 80 95 24 13 88 78 79 34 38 19 38 55 29 81 26 64 31 21 62 9 69 18 15 81 23 5 74 6 66 6 29 25 43 67 83 78 3 4 60 99 88 59 44 19 1 78 17 
64 72 35 32 68 42 37 12 6 12 57 54 53 48 80 31 87 25 64 51 90 87 89 36 5 68 59 80 51 33 63 30 96 9 4 28 68 75 86 10 46 73 30 91 40 84 50 69 93 35 28 64 21 48 48 3 70 10 29 77 63 25 75 19 64 15 20 48 40 13 56 66 29 60 11 39 50 49 98 74 34 74 31 9 39 22 1 67 48 58 3 21 3 25 37 57 56 54 3 11 
34 10 76 99 72 22 16 92 43 10 98 97 90 55 72 55 2 48 87 82 14 36 70 70 70 60 76 42 72 32 15 6 6 51 37 3 35 99 97 26 11 23 41 76 63 17 19 47 1 88 45 16 47 45 97 65 25 66 86 41 64 27 5 74 94 10 53 43 2 22 42 51 69 44 19 92 68 73 83 29 1 40 43 66 54 96 33 28 3 20 97 74 99 34 12 75 16 93 22 13 
59 19 58 97 4 52 79 20 66 98 79 88 38 98 41 21 6 13 52 48 79 81 58 35 60 57 67 55 82 89 12 32 55 79 53 77 87 28 33 58 85 34 52 32 72 22 40 94 72 52 0 74 43 80 50 53 52 80 27 34 17 90 25 5 84 32 35 59 51 92 49 59 65 43 79 69 63 90 10 77 47 24 87 80 42 47 5 93 92 6 44 59 33 69 80 13 55 55 54 89 
10 34 13 98 39 6 62 82 23 76 0 9 14 31 10 64 7 7 69 49 75 2 15 17 88 31 46 26 7 79 79 69 81 51 78 77 38 89 76 75 86 4 67 45 73 49 92 35 88 81 53 58 91 77 17 76 77 87 68 72 92 82 37 85 26 78 85 66 64 99 62 7 75 67 53 13 17 20 71 57 0 13 97 15 61 72 23 20 54 72 91 62 18 62 46 47 79 73 50 30 
74 23 71 59 97 60 12 14 71 70 33 79 32 43 7 44 9 72 35 52 28 68 94 35 43 15 94 83 16 19 73 33 90 27 74 91 99 71 7 76 44 10 46 80 88 85 44 51 42 74 89 73 28 1 54 17 46 32 66 50 20 71 10 9 17 74 82 55 93 6 31 25 40 5 42 45 47 38 69 81 70 29 67 61 81 48 72 13 15 75 69 25 37 79 20 84 68 9 90 70 
26 23 40 35 17 44 76 71 36 4 40 10 2 50 65 48 66 13 92 72 2 17 89 58 58 44 38 16 74 11 20 0 61 50 93 65 38 64 22 31 99 32 17 63 25 16 86 59 21 99 11 91 51 27 42 28 76 58 10 75 24 25 75 81 44 64 94 95 21 22 33 69 49 75 74 9 11 46 38 5 81 74 80 70 62 91 55 92 50 58 10 44 75 61 61 15 20 95 85 58 
60 53 18 97 47 99 34 81 87 55 39 72 11 49 78 61 7 83 45 85 92 32 19 84 29 71 49 97 20 38 68 21 62 59 4 7 84 53 68 11 34 22 83 65 84 64 49 18 69 28 81 36 91 86 54 17 42 19 86 18 26 6 72 92 56 7 35 6 72 70 78 61 66 27 77 20 95 87 69 80 18 40 55 74 0 51 90 24 80 90 16 35 20 20 47 35 93 75 86 58 
3 70 90 74 42 32 95 71 67 46 32 29 46 84 6 22 89 46 76 89 61 32 56 61 33 90 42 61 77 10 10 61 78 75 55 69 53 88 14 33 55 43 21 19 95 26 15 46 70 94 9 52 40 16 89 6 23 57 55 1 50 79 57 73 84 98 82 12 32 81 62 64 79 86 56 52 9 86 50 90 51 95 18 91 95 89 63 46 22 26 66 14 76 7 22 3 68 67 99 68 
37 29 49 71 13 46 19 49 65 15 44 7 49 1 33 38 20 68 63 67 70 18 43 67 18 0 56 11 12 29 15 84 39 11 18 46 72 6 47 69 41 86 70 94 95 60 42 86 63 67 80 8 75 2 9 52 53 26 74 30 62 87 49 96 57 92 77 78 24 70 46 6 59 89 48 68 61 51 74 94 57 14 77 3 59 19 1 28 88 75 47 36 71 58 91 82 68 68 85 34 
99 35 35 10 45 36 41 66 60 98 8 62 74 41 3 68 26 13 76 79 14 5 11 71 96 23 60 12 47 48 20 10 22 25 1 67 61 98 94 42 38 89 83 48 94 74 51 51 62 35 45 33 97 73 15 66 11 10 48 63 65 69 72 70 7 3 18 20 22 1 17 34 37 71 69 4 40 77 76 92 45 31 0 29 33 47 82 10 47 40 32 77 35 64 85 1 98 6 53 71 
97 96 91 89 76 26 58 74 5 49 47 90 49 70 7 12 75 12 19 75 21 4 33 8 24 39 59 93 83 64 71 45 87 51 71 58 32 29 85 32 66 86 91 44 30 46 75 70 71 88 88 71 26 27 33 69 98 87 81 68 20 6 2 32 53 79 59 26 53 95 94 47 68 58 51 1 67 51 45 81 17 33 65 70 20 80 66 17 94 21 14 67 16 12 1 2 0 78 64 39 
42 83 28 24 55 4 30 58 22 63 16 88 39 69 47 5 64 39 69 88 93 85 25 79 18 33 85 90 63 70 18 95 49 97 9 66 62 3 49 27 34 70 2 29 34 99 97 37 87 70 18 29 8 35 60 74 38 57 89 55 39 58 93 85 51 75 59 40 48 27 68 61 99 98 49 77 85 8 67 33 65 34 56 14 52 77 34 20 24 41 24 39 79 63 90 17 25 58 1 21 
44 17 61 81 95 88 36 57 94 39 54 30 1 68 0 5 34 65 3 28 2 77 90 98 45 47 68 10 15 47 10 96 4 44 37 69 55 66 48 15 71 81 43 19 35 44 37 80 60 71 31 67 26 48 59 20 44 93 4 39 0 64 51 69 44 24 42 66 72 12 93 78 86 64 8 4 4 37 67 78 80 83 70 45 23 6 71 0 16 94 94 56 73 35 90 49 82 2 32 50 
81 9 29 25 34 63 6 93 28 69 40 52 33 76 45 70 42 3 22 27 39 49 60 76 0 81 68 85 62 27 66 20 45 71 73 37 6 18 16 49 11 41 19 90 21 85 12 91 92 18 23 17 97 23 67 3 7 59 98 21 70 96 22 85 6 11 68 57 64 24 78 24 67 48 94 52 67 99 97 80 43 89 59 4 84 26 19 2 47 9 58 69 47 12 9 96 7 79 25 82 
23 68 15 35 11 96 95 71 18 84 31 89 24 11 84 66 77 42 82 54 31 48 13 22 57 7 1 55 93 43 76 10 29 64 2 15 87 88 73 51 4 33 76 3 98 48 73 38 9 29 46 59 72 86 18 99 58 74 85 36 58 77 4 70 78 72 10 54 76 70 63 61 29 57 79 13 40 64 73 33 6 24 89 28 49 35 8 98 62 45 27 47 65 81 89 29 2 81 37 88 
60 74 72 63 14 57 23 41 20 65 4 53 55 0 96 38 25 74 59 74 26 73 88 62 83 84 77 91 22 16 11 33 19 47 99 65 7 35 50 21 86 71 59 79 65 26 92 81 93 26 42 1 40 91 48 68 98 87 63 20 55 54 93 67 41 0 38 1 19 41 58 52 33 29 26 6 12 19 32 58 63 68 10 80 99 50 58 78 71 52 70 7 63 74 14 19 9 61 83 48 
95 84 34 91 19 38 98 80 25 36 0 56 89 62 84 11 82 81 92 21 53 29 18 26 85 0 95 0 43 45 65 64 52 59 80 12 30 7 13 43 46 43 27 79 27 58 16 66 14 67 49 95 64 90 13 45 96 94 73 14 15 13 38 75 35 59 0 64 19 15 9 52 51 21 95 25 41 15 41 3 31 37 92 33 21 36 89 15 83 76 98 60 54 5 52 22 71 48 64 46 
78 19 92 41 36 70 21 56 16 78 39 52 5 19 67 23 4 96 56 41 73 8 58 59 3 17 60 61 91 3 31 68 4 28 32 17 52 37 86 82 45 78 34 50 24 3 7 82 59 9 21 81 39 96 21 24 73 69 41 97 58 72 72 82 12 5 44 23 20 99 95 62 28 49 99 58 13 59 75 63 75 92 47 24 81 59 7 39 11 98 45 50 71 68 61 65 34 93 18 28 
84 87 85 53 26 68 22 44 79 42 44 78 28 13 29 66 15 52 87 34 55 72 29 58 17 55 47 75 6 27 34 31 83 13 21 89 15 96 75 68 48 75 52 67 74 39 72 56 32 26 20 94 98 7 46 97 99 28 1 58 30 26 16 31 40 22 6 96 36 49 56 49 23 5 25 19 47 94 91 41 63 4 50 57 58 10 98 35 53 58 60 55 10 80 98 32 0 22 65 1 
36 77 34 79 16 36 21 16 6 41 48 10 60 95 11 57 13 98 65 1 99 94 29 59 73 17 12 26 88 17 35 80 34 76 36 83 57 0 58 99 76 91 12 94 60 44 44 14 73 79 67 45 31 8 81 15 35 31 85 40 17 95 95 80 93 40 50 59 40 91 64 44 14 53 41 79 6 74 60 57 49 20 0 89 89 94 79 98 21 41 34 93 23 71 67 93 93 4 99 96 
21 8 22 16 78 68 44 81 16 51 19 99 5 23 2 94 29 23 95 59 21 17 53 43 63 20 40 89 43 51 87 45 24 27 84 39 94 97 21 38 50 44 31 45 98 73 99 41 55 89 64 53 42 27 60 86 63 86 78 51 57 33 92 79 53 57 77 94 49 54 79 2 80 97 82 65 0 36 98 19 49 37 14 83 27 17 72 14 66 51 2 7 49 67 42 99 17 59 11 8 
7 78 20 46 43 47 58 33 78 88 62 32 89 19 87 90 86 75 8 58 50 10 52 37 74 36 40 82 2 14 19 95 50 32 38 65 88 2 89 71 25 74 26 13 76 79 96 52 77 88 87 17 77 7 50 89 90 40 71 88 22 8 1 18 72 81 52 55 4 25 36 39 89 1 43 89 63 1 60 41 27 71 13 17 58 15 25 78 30 12 71 72 77 1 2 0 99 16 26 86 
51 33 41 46 58 31 69 63 30 3 26 54 83 47 25 4 94 99 5 75 54 43 22 50 54 65 82 33 89 37 48 84 65 83 23 7 33 68 43 31 98 49 42 43 25 16 98 97 25 61 60 40 53 51 1 3 96 20 10 96 9 48 14 94 89 96 22 57 35 24 11 26 61 35 83 25 75 79 68 87 94 10 25 10 14 11 55 0 7 16 50 86 8 46 57 86 51 51 71 37 
88 82 13 40 46 42 36 70 91 27 79 48 82 87 36 54 40 67 91 59 0 42 89 99 70 20 5 53 22 95 90 72 49 92 87 56 87 61 53 31 97 43 97 58 71 47 93 67 97 28 75 27 7 56 49 78 28 73 7 92 95 39 63 55 31 54 43 40 74 63 12 91 51 78 36 47 0 25 2 69 2 75 87 76 77 63 81 10 59 48 70 12 85 5 25 55 80 86 96 49 
98 11 79 29 23 90 0 23 26 98 20 76 73 15 69 54 85 59 31 66 1 85 94 66 3 19 40 87 97 54 72 88 46 74 46 83 70 4 96 57 71 15 82 17 37 86 22 4 69 4 23 77 13 46 81 33 35 35 10 65 4 6 22 60 16 61 33 15 71 37 3 65 42 76 49 98 40 66 29 96 3 3 4 34 53 9 46 23 60 68 27 92 79 50 17 9 14 21 98 41 
6 30 4 61 76 16 4 29 77 9 13 8 39 95 48 91 30 40 15 41 79 63 33 52 34 4 53 37 98 13 39 63 20 4 75 51 82 94 6 97 55 9 71 26 19 81 31 65 51 59 89 88 10 12 33 41 71 78 50 53 34 73 34 16 39 44 53 4 64 34 38 33 22 38 91 38 20 47 69 58 30 53 86 1 72 60 10 54 83 75 71 60 16 36 54 37 60 43 32 71 
59 70 69 76 67 92 70 34 72 67 72 85 44 1 8 68 18 41 67 31 15 39 88 32 26 24 77 1 30 51 13 41 40 99 57 70 60 79 31 36 43 5 36 2 29 95 54 21 47 13 47 42 17 23 56 88 87 35 90 16 58 96 56 14 21 54 79 40 43 55 43 73 94 76 81 98 60 3 63 71 63 18 71 31 4 51 99 90 86 65 2 22 28 22 65 49 0 86 86 3 
89 72 36 26 2 83 96 14 4 52 7 11 78 78 53 14 64 70 90 81 59 13 49 24 55 10 90 61 89 18 99 70 30 57 96 66 34 39 31 49 70 31 69 29 78 10 96 48 26 64 47 51 21 50 93 29 5 41 1 35 98 84 85 55 24 95 49 24 79 38 27 2 16 29 62 80 26 0 56 34 37 91 11 36 52 85 98 79 2 11 6 97 74 87 27 29 42 17 21 26 
29 43 83 53 40 86 77 76 45 36 87 84 51 81 19 63 96 85 98 31 86 71 76 62 49 68 54 41 63 48 0 68 38 9 88 81 58 91 45 3 32 52 12 33 74 56 28 65 94 12 76 63 13 86 61 20 87 29 83 72 58 76 71 79 74 97 49 44 35 58 32 7 46 46 92 30 11 46 31 49 11 87 33 37 1 42 28 39 30 41 21 94 55 13 82 16 58 20 7 87 
58 89 97 30 90 82 52 88 80 29 54 42 25 31 31 62 17 30 45 19 65 92 99 5 98 13 77 36 33 22 73 34 64 48 92 72 94 96 44 92 96 0 60 39 33 65 9 72 3 67 84 49 23 41 51 2 96 9 22 61 35 32 63 51 56 30 27 51 82 16 43 20 58 6 44 40 78 43 90 4 59 14 9 21 2 87 97 47 94 50 72 77 61 89 97 93 5 66 18 73 
82 80 47 70 3 35 92 61 11 18 60 92 95 99 48 75 1 70 49 25 54 19 38 24 34 0 38 38 42 29 99 43 34 55 68 3 4 9 85 37 45 44 61 14 80 11 38 24 25 15 25 79 25 53 37 0 56 62 61 96 28 33 87 83 58 39 63 52 72 35 97 29 95 20 95 66 31 36 68 40 90 65 3 21 96 15 88 65 21 70 53 87 46 20 54 68 75 85 55 79 
79 97 23 25 38 20 60 84 9 73 91 71 70 76 48 53 4 75 7 46 38 90 33 14 85 27 62 99 62 1 39 85 48 2 37 83 58 1 79 21 22 64 30 0 49 91 26 99 4 68 78 2 41 17 38 49 75 27 41 36 3 50 35 16 68 43 32 33 25 43 76 37 0 96 31 2 57 29 58 35 71 80 49 46 34 55 57 45 63 57 83 9 93 19 66 84 91 30 7 88 
66 58 83 37 48 84 51 7 0 13 62 63 3 25 94 38 92 29 37 62 1 44 3 51 95 4 35 94 27 51 51 50 1 96 27 19 99 89 3 73 60 84 34 12 15 35 74 51 3 63 37 51 54 83 61 88 13 82 37 84 46 3 17 34 38 92 7 81 2 17 84 76 39 53 62 75 79 12 5 41 3 64 35 71 93 22 17 66 58 35 71 38 88 82 30 83 82 65 19 86 
33 12 71 73 53 2 57 58 3 33 13 81 96 34 97 42 98 73 87 30 86 16 10 23 80 23 94 85 74 48 12 5 55 65 49 31 2 20 71 50 75 92 72 39 11 80 92 12 61 84 80 68 98 52 87 68 88 98 40 7 66 57 19 72 36 14 94 80 56 1 45 47 56 98 23 39 90 99 7 16 10 95 88 91 40 31 6 17 16 82 1 17 11 62 38 60 36 85 65 20 
21 76 7 96 88 85 64 87 8 19 20 47 51 14 12 0 44 49 80 37 44 65 48 27 30 51 1 91 47 49 37 1 36 29 0 34 7 95 3 56 58 6 11 66 10 21 89 11 84 18 6 22 80 87 30 31 34 66 37 76 25 34 61 86 35 57 45 86 75 27 24 12 51 72 55 39 14 53 37 20 22 32 57 49 98 51 60 47 22 62 12 87 60 4 71 43 20 31 7 44 
78 18 55 1 12 50 30 42 48 42 21 83 83 2 83 97 24 21 24 32 12 21 11 11 23 47 67 44 49 96 20 1 8 54 4 25 59 26 34 62 79 3 3 3 65 52 38 61 57 76 18 95 2 69 56 35 42 3 32 23 66 43 43 87 84 90 72 43 34 72 58 80 71 65 29 70 13 34 82 69 42 74 22 76 53 20 27 11 89 63 10 23 12 71 28 22 0 11 94 16 
93 69 26 87 94 77 81 64 60 26 55 86 54 9 65 87 27 89 12 21 89 57 83 56 20 86 63 21 76 81 19 37 10 19 40 56 0 36 40 58 46 90 24 0 57 79 75 95 30 38 15 91 2 73 32 77 12 34 85 75 92 39 77 82 92 92 85 14 84 41 98 91 16 5 69 12 35 95 4 69 68 45 95 13 95 13 96 77 5 63 48 10 46 91 33 13 72 37 90 36 
94 43 38 52 96 72 44 28 29 82 93 11 46 39 48 83 59 90 76 8 95 45 84 24 13 15 69 92 70 60 13 16 25 52 91 18 44 52 53 76 6 32 12 46 33 75 30 92 5 9 54 36 28 49 87 84 13 18 69 42 49 15 67 22 43 11 85 3 96 84 9 76 94 59 94 88 65 46 81 83 22 92 14 42 50 96 11 67 16 32 74 79 51 70 48 26 86 42 17 82 
25 19 43 0 96 6 98 43 17 18 2 62 22 93 65 77 12 31 20 57 46 26 62 90 47 77 62 9 16 11 24 41 4 59 75 56 36 10 92 71 44 76 36 29 14 87 3 14 54 30 66 89 27 61 80 84 96 13 9 64 79 61 8 46 68 59 91 7 58 95 16 89 22 53 75 99 56 18 54 0 8 64 24 13 51 99 88 55 91 26 7 80 42 51 64 69 48 81 87 27 
42 9 43 15 69 98 79 43 72 74 71 89 22 17 79 55 58 46 11 31 43 92 74 8 70 56 54 42 97 38 73 19 55 96 90 94 77 8 22 17 67 91 16 26 99 6 86 27 25 82 72 23 82 8 41 16 42 33 30 89 17 54 92 56 10 70 74 35 24 48 32 64 89 53 73 79 8 26 29 5 76 50 79 42 8 31 72 53 33 27 60 13 5 66 87 77 69 34 15 19 
34 45 8 31 87 2 4 75 87 84 7 63 86 47 59 84 35 61 18 23 15 88 89 41 86 53 68 59 17 37 86 41 98 49 4 60 5 59 3 11 62 28 84 69 59 67 32 85 37 12 56 23 87 55 77 21 20 27 78 70 93 64 76 83 19 74 79 56 25 93 87 81 93 15 76 65 85 99 87 49 23 65 68 58 44 81 46 17 83 19 85 99 75 40 83 9 63 20 82 66 
99 99 83 18 53 57 97 72 85 37 5 13 84 98 70 30 77 47 13 83 4 43 33 46 16 38 12 70 37 41 78 60 58 68 71 89 20 86 82 45 30 9 28 45 80 19 89 75 33 4 79 95 39 31 42 41 27 30 89 57 44 18 88 90 23 42 10 2 32 14 4 2 90 82 55 96 94 14 68 23 0 33 78 39 14 34 7 76 95 87 71 37 10 22 24 88 42 46 13 83 
69 58 77 43 60 93 55 65 66 97 35 56 2 85 62 84 94 52 86 36 19 99 80 49 60 69 59 13 76 92 87 20 42 92 25 2 75 94 92 74 62 88 10 58 3 96 70 91 22 62 43 25 81 75 0 23 71 55 12 64 21 16 29 36 29 77 76 36 11 63 90 54 50 93 12 43 26 80 49 79 79 81 95 57 25 7 33 66 56 98 70 21 65 34 11 45 36 61 53 65 
48 35 32 61 10 3 55 24 12 93 13 8 97 48 22 40 57 57 99 71 21 78 29 87 62 5 63 53 21 89 17 96 77 52 15 69 9 23 96 45 20 11 93 13 16 89 55 96 89 78 46 61 5 2 66 58 6 78 94 21 10 1 55 5 73 0 33 63 52 47 83 84 55 75 29 30 81 68 36 71 13 28 48 83 14 15 33 83 92 30 82 56 15 70 40 47 24 65 40 61 
76 69 39 40 5 56 69 17 37 24 65 71 77 92 74 59 67 22 71 11 43 27 11 34 16 54 26 61 54 90 1 93 57 90 30 69 58 88 39 19 95 64 17 93 2 18 83 92 4 62 58 14 30 77 81 87 71 91 4 13 45 46 13 60 44 12 10 89 95 61 67 2 28 53 99 26 25 90 88 69 98 32 43 36 65 27 21 10 96 31 18 32 23 0 43 43 88 90 65 74 
88 22 19 29 93 5 94 32 62 62 17 15 36 15 5 67 70 32 57 4 35 3 89 69 74 71 60 5 31 47 9 3 21 44 96 13 54 56 23 89 21 28 45 82 80 30 75 85 47 71 1 24 51 44 35 68 16 0 67 8 23 22 67 1 0 12 4 0 93 7 10 22 8 69 47 81 75 58 52 71 47 51 96 57 46 53 62 18 88 40 50 66 45 72 73 41 79 61 12 60 
19 96 84 7 47 9 89 68 38 71 0 39 89 60 26 96 57 97 75 50 66 3 5 68 64 70 8 33 62 36 80 52 57 98 74 3 85 23 26 70 96 21 18 75 80 31 20 83 50 46 49 44 17 79 22 77 73 29 23 54 61 27 32 66 19 35 80 99 79 14 79 68 14 50 79 55 2 41 74 65 9 37 77 63 41 34 1 84 96 62 78 76 64 59 71 62 31 42 64 32 
24 81 37 69 1 51 52 5 77 85 48 77 40 63 89 72 16 96 60 26 88 53 37 75 63 66 40 29 0 82 33 79 2 45 21 71 92 24 89 35 46 6 67 74 46 11 17 30 22 91 59 87 93 78 97 94 17 59 61 64 9 4 73 80 69 3 30 93 14 63 10 67 86 0 30 45 40 64 35 41 24 0 5 27 77 69 62 21 41 55 41 21 94 40 5 6 86 96 50 0 
45 67 57 96 36 30 34 1 75 21 62 85 54 1 80 80 66 55 70 57 61 62 96 58 84 78 86 29 65 36 31 53 82 22 9 14 15 12 81 22 80 74 24 21 55 33 59 98 66 7 71 30 26 67 23 57 43 68 90 12 36 57 54 48 36 88 18 27 55 81 90 17 28 30 31 27 87 95 34 72 61 44 99 0 46 24 54 45 15 33 54 80 13 80 94 92 9 70 22 54 
18 93 3 56 63 57 94 51 69 65 11 88 93 15 66 32 20 80 54 81 4 52 24 43 34 94 43 86 9 92 90 78 68 61 77 39 39 22 94 77 1 60 58 35 7 48 37 53 76 55 46 76 6 88 14 80 73 33 97 14 72 19 89 65 32 35 39 34 88 11 29 34 98 58 55 86 44 64 75 87 82 1 95 52 10 28 12 31 65 78 89 54 35 49 55 52 93 54 97 17 
92 87 91 29 12 68 92 69 31 63 11 92 51 61 48 45 29 81 7 46 10 32 70 80 68 78 37 77 9 52 76 92 60 88 83 84 28 98 20 93 74 4 13 73 26 72 5 83 82 84 68 57 23 61 0 67 56 48 77 38 42 70 52 27 63 99 58 18 79 15 72 24 62 67 10 65 40 17 67 11 20 68 95 79 10 15 31 64 68 31 38 88 50 77 27 98 50 53 6 42 
6 79 51 18 34 13 2 19 1 77 34 6 66 9 68 32 72 17 23 48 96 39 44 54 58 15 85 17 97 45 36 51 23 62 92 55 23 65 9 96 56 52 60 5 64 38 40 20 18 23 13 0 15 46 80 66 29 29 39 48 67 13 81 11 51 62 34 54 48 35 31 11 85 79 97 34 16 9 99 4 3 82 26 73 82 73 29 20 18 18 46 82 24 65 40 24 85 73 99 10 
65 65 56 77 82 4 91 18 83 85 97 32 25 23 84 81 35 28 29 85 54 5 45 46 42 24 34 97 65 64 81 28 63 82 48 87 64 55 56 92 68 32 12 27 40 24 8 11 27 29 60 22 99 32 74 48 99 67 92 24 24 30 97 35 5 56 37 37 56 41 18 59 46 20 97 27 48 75 77 40 13 16 79 28 92 68 85 26 91 97 43 11 58 71 20 51 74 5 6 12 
49 3 65 28 27 60 71 19 8 30 76 68 61 79 62 71 91 81 94 19 82 95 70 96 24 30 4 3 46 68 54 40 79 55 2 81 93 29 53 99 98 6 59 68 90 2 19 23 71 74 87 68 38 32 48 21 98 61 22 90 99 51 80 88 55 1 27 13 23 88 13 43 50 26 76 86 47 37 87 43 78 79 3 24 98 5 45 12 27 23 26 96 4 55 94 32 35 3 50 77 
53 74 87 74 79 68 65 22 95 54 10 52 30 12 34 6 9 84 83 73 6 48 70 51 9 1 41 61 0 23 95 8 82 46 64 70 55 27 41 16 40 67 43 21 10 6 52 62 39 52 68 94 92 21 4 28 80 30 68 68 7 58 53 62 28 24 51 93 84 63 59 39 22 13 56 51 70 66 20 2 30 43 17 74 43 19 59 55 1 63 58 25 19 85 66 7 81 88 3 64 
22 68 26 83 32 86 38 96 67 61 63 78 13 94 53 38 81 50 62 41 92 40 77 9 66 39 67 44 37 62 67 77 26 2 53 64 50 96 78 63 8 90 50 64 50 27 93 10 92 19 11 22 99 32 84 35 47 90 29 5 98 20 56 43 76 40 59 78 9 7 81 12 27 78 45 1 74 93 33 32 25 71 74 35 69 7 56 89 48 66 55 83 73 0 88 86 97 82 53 26 
27 71 34 77 25 45 67 75 62 36 63 60 8 30 18 36 81 64 75 1 80 51 51 23 17 78 36 39 46 49 90 40 42 6 39 32 43 8 89 56 74 34 73 57 25 36 70 47 37 36 93 0 29 55 92 0 8 44 44 65 50 36 52 88 0 37 82 61 31 26 97 17 22 97 92 10 57 69 20 23 82 64 35 35 45 2 84 84 65 15 97 33 40 85 87 5 28 14 33 85 
23 9 3 66 26 46 25 53 71 94 61 23 92 42 79 7 22 11 27 31 86 50 4 5 1 8 44 21 94 57 27 30 51 25 49 16 65 98 36 65 28 24 90 83 32 65 84 0 72 81 1 76 83 45 60 43 61 98 1 44 98 30 63 90 35 33 91 32 55 65 4 67 95 47 78 76 2 57 62 51 62 25 3 56 66 6 19 94 58 75 28 91 1 34 56 63 57 79 72 18 
38 62 62 55 70 26 85 2 55 53 52 5 25 76 7 84 4 21 54 3 66 50 8 82 74 81 40 38 12 3 10 36 27 34 36 56 1 34 95 17 13 77 46 87 84 81 27 60 79 3 58 74 63 99 65 94 73 97 16 59 26 93 84 62 72 93 0 96 28 30 49 64 58 40 81 12 1 5 36 48 55 92 53 65 24 32 1 10 19 73 17 18 85 36 76 55 65 71 43 92 
73 76 32 89 5 69 53 27 40 31 13 24 95 27 17 61 91 10 86 57 33 26 90 66 51 41 65 67 20 10 38 32 39 93 74 1 46 19 88 14 99 89 17 43 94 53 6 90 96 43 46 72 29 77 3 7 27 10 14 49 56 80 1 1 62 60 73 24 19 89 54 78 18 85 33 64 60 11 41 23 52 63 37 91 90 17 2 49 26 97 39 2 8 46 0 16 78 45 88 47 
95 55 34 6 74 53 87 14 71 9 70 92 11 47 97 87 74 16 47 37 3 42 22 14 78 25 71 51 83 37 28 13 51 22 27 68 33 92 92 11 88 79 81 48 26 75 35 51 2 74 5 7 70 77 50 78 36 3 78 33 96 8 11 60 25 40 55 23 23 98 77 84 62 34 95 89 53 65 58 79 28 60 22 54 13 54 66 6 56 10 49 7 69 33 89 91 11 4 27 90 
78 95 33 79 27 10 49 59 18 36 79 21 13 88 71 53 30 9 95 36 50 99 48 73 9 22 24 29 80 19 28 94 45 40 49 74 92 36 56 60 95 12 85 65 61 21 33 61 87 60 2 4 53 71 23 16 62 49 13 51 18 93 34 79 9 58 54 14 76 78 36 24 14 76 13 43 47 5 9 36 21 64 43 25 25 60 43 82 76 91 96 27 60 89 77 44 92 44 88 79 
1 77 50 30 20 84 56 46 24 96 36 99 77 66 4 1 38 17 8 22 20 45 93 41 0 60 94 44 38 52 76 95 43 19 94 56 63 21 12 99 50 14 99 85 40 7 50 77 11 5 37 81 76 49 28 39 84 37 80 87 44 86 71 3 18 26 73 18 28 31 5 45 43 22 66 80 43 94 82 55 72 74 30 53 81 49 83 8 98 3 90 30 1 48 93 71 30 94 11 63 
75 89 93 28 38 67 15 61 77 78 3 98 28 97 55 7 13 12 51 33 99 82 22 96 35 34 19 35 53 17 84 27 65 61 11 48 22 90 2 84 57 70 30 9 24 96 36 32 51 8 76 54 29 35 98 83 43 2 73 73 23 13 5 13 59 56 97 59 89 95 99 14 41 24 22 21 1 21 10 83 41 94 71 4 76 12 57 47 28 60 52 19 86 75 26 10 21 44 80 43 
72 82 53 75 76 91 15 66 22 66 67 24 83 90 24 30 91 45 94 36 68 81 45 50 15 59 74 80 84 63 2 55 80 24 74 23 70 71 8 52 25 68 18 68 63 8 44 16 74 59 14 28 18 52 3 11 48 57 74 55 34 33 90 82 28 64 39 1 80 10 99 64 12 87 21 92 24 9 8 10 11 63 14 92 17 4 18 11 84 6 1 15 96 71 1 24 93 2 29 15 
43 94 58 21 47 80 77 74 46 25 56 91 48 22 40 16 64 14 32 71 53 96 83 73 56 26 37 14 28 83 36 36 52 32 56 68 81 8 72 30 6 60 20 90 93 88 95 25 5 91 10 97 60 74 61 55 13 10 9 70 20 63 24 19 84 13 83 1 98 72 62 33 34 28 51 68 40 30 74 7 21 58 35 26 63 44 62 31 5 5 26 12 14 71 31 87 48 48 60 36 
50 2 90 33 84 24 50 24 28 72 4 28 44 4 62 90 59 55 41 40 95 42 67 45 47 69 28 16 75 92 3 60 26 50 99 73 56 63 48 79 70 87 1 88 81 77 49 30 98 35 16 21 70 85 46 57 2 31 76 98 25 7 62 69 8 87 96 52 61 55 97 65 70 41 57 43 39 53 22 0 39 70 7 26 91 89 77 69 86 10 31 29 19 83 43 52 54 15 98 67 
52 57 18 51 34 58 43 9 66 77 92 4 35 60 36 34 14 99 97 50 20 9 53 21 29 26 53 63 49 25 12 26 7 87 26 24 6 99 35 12 0 7 96 0 77 89 93 98 90 71 37 56 96 46 70 71 67 10 63 84 56 31 77 81 25 13 69 0 81 93 5 42 70 34 15 50 66 75 19 59 70 74 68 98 50 82 68 89 15 28 5 43 28 7 18 7 0 49 4 74 
96 24 80 69 82 41 43 20 27 36 1 87 62 10 15 31 52 74 7 6 80 0 11 46 86 75 85 72 51 57 86 50 68 52 97 12 97 21 91 81 60 94 76 67 37 64 64 33 79 8 9 22 37 82 86 61 34 86 8 22 26 44 99 82 55 42 4 73 28 3 50 16 98 30 74 87 54 55 49 54 58 63 81 75 48 78 61 37 99 56 87 75 9 53 20 21 83 42 90 83 
35 13 50 81 59 29 62 99 32 79 44 13 59 11 4 58 20 0 45 69 66 1 51 53 8 38 54 97 47 24 16 42 26 21 22 43 53 59 97 90 54 19 57 38 56 7 36 76 52 50 49 78 4 5 8 53 41 7 13 36 81 25 15 87 28 97 50 25 41 86 52 67 68 3 65 49 31 54 16 99 54 49 71 77 69 37 74 19 89 5 55 88 36 23 64 54 0 4 7 92 
0 78 40 93 45 68 63 71 65 63 86 38 83 97 47 95 68 64 9 30 8 36 41 27 35 45 77 80 34 42 52 70 33 19 26 19 74 5 43 49 79 18 29 39 11 84 59 52 42 45 29 41 38 88 69 74 95 15 21 96 62 72 76 33 94 40 9 29 98 87 93 45 79 14 39 37 64 6 20 45 33 43 89 76 97 69 89 80 72 74 64 0 73 25 83 4 46 15 55 67 
70 41 87 73 20 94 21 33 85 20 70 50 5 12 6 57 95 62 56 23 55 52 66 83 4 25 15 19 99 74 39 86 63 33 45 29 87 65 64 56 44 67 99 67 20 53 0 2 21 17 37 80 25 20 83 80 52 84 60 84 2 71 62 23 1 72 10 89 25 12 46 1 54 42 56 24 72 21 61 58 84 97 63 24 7 63 90 44 60 34 72 31 15 38 81 79 48 40 71 29 
41 7 16 30 46 38 63 75 91 19 19 61 21 56 94 76 57 40 53 96 84 53 85 71 85 0 0 75 44 86 16 43 65 12 40 25 98 85 41 61 80 88 16 68 26 66 58 62 76 72 11 40 6 28 67 79 93 70 89 52 41 75 2 39 30 19 10 39 48 80 35 8 0 18 45 31 2 12 5 58 26 25 39 45 8 4 34 87 70 89 79 70 46 2 22 14 17 88 55 6 
90 61 45 60 69 99 14 9 13 68 31 49 2 8 33 71 0 56 95 66 89 93 80 52 68 95 89 94 42 94 25 35 14 53 80 33 36 7 77 97 69 16 49 59 46 10 80 94 34 48 23 38 87 93 70 72 9 7 23 50 28 72 3 70 79 64 20 33 55 23 33 91 71 82 1 22 94 41 70 40 39 2 3 12 44 66 59 13 98 62 89 35 77 30 15 6 33 67 86 66 
76 3 50 94 47 78 6 87 34 41 89 36 72 10 91 71 79 35 7 96 41 51 60 8 82 11 94 39 55 62 2 83 98 93 83 63 37 16 76 75 46 65 81 91 99 66 49 94 8 74 94 20 90 12 70 14 77 3 23 17 31 90 64 34 60 4 62 58 32 70 4 42 30 98 63 45 15 19 95 33 90 44 49 63 83 43 25 34 81 62 15 0 74 4 84 40 51 39 30 27 
44 5 34 93 27 88 44 89 8 16 90 26 86 0 31 16 28 23 1 87 95 70 25 21 97 42 83 78 62 9 3 47 52 12 3 20 87 72 11 28 90 87 83 45 89 26 37 55 58 63 94 28 77 85 66 22 6 88 99 32 33 44 75 47 9 79 97 24 32 14 33 68 3 68 36 84 57 50 60 34 5 49 75 37 42 62 73 54 34 14 38 42 14 6 52 25 41 40 74 66 
53 66 0 24 34 1 90 37 2 12 77 11 78 75 64 26 20 87 65 60 6 85 45 19 42 3 8 87 78 97 6 21 23 8 59 22 31 72 15 93 37 24 26 18 59 46 78 61 71 34 56 41 45 64 76 83 10 14 2 52 26 68 14 59 74 39 59 44 0 38 38 78 46 65 39 6 35 18 61 42 89 20 46 32 30 17 6 12 15 20 77 69 87 76 97 89 40 57 40 19 
91 91 62 4 15 22 91 54 4 86 78 49 31 18 24 77 21 65 51 16 11 8 86 47 71 7 3 59 83 98 51 73 59 1 20 82 62 47 54 47 55 82 9 72 58 12 40 61 44 91 8 75 72 70 88 11 85 63 33 78 85 93 21 99 53 56 99 63 6 25 82 42 83 38 38 58 66 43 53 6 96 33 35 6 46 69 58 10 71 63 67 0 65 43 98 62 97 99 69 87 
37 83 83 16 97 29 31 84 20 43 5 96 77 98 86 16 0 50 63 63 60 37 63 91 75 94 20 5 75 47 73 66 44 28 5 91 83 57 78 74 12 35 59 24 26 11 93 19 63 29 90 58 41 4 31 50 42 42 42 25 37 64 38 23 53 29 89 85 94 81 63 91 13 32 29 22 73 72 86 66 28 8 85 22 61 18 22 16 40 84 51 40 29 18 97 93 58 47 0 44 
41 65 25 77 50 57 65 78 83 56 6 85 82 67 2 97 60 11 87 23 63 64 55 76 53 15 18 5 73 64 16 31 56 86 53 80 27 46 57 46 8 90 31 5 72 71 19 67 43 6 5 45 2 66 86 55 11 52 78 27 7 86 92 12 43 88 27 93 31 28 70 72 8 9 84 73 41 78 22 44 94 17 42 59 75 80 60 48 41 64 45 93 6 93 29 75 73 15 82 76 
6 55 90 5 8 50 87 8 77 99 40 86 37 80 25 5 55 10 69 27 97 95 27 63 38 43 13 98 42 93 78 5 66 36 44 79 71 21 64 16 34 63 9 94 43 1 82 12 83 7 90 70 78 99 35 52 23 6 10 23 50 44 91 31 93 18 77 11 44 55 97 50 27 60 98 83 54 36 16 95 86 83 10 87 28 60 49 19 6 16 7 45 22 34 18 59 95 11 46 44 
74 84 40 55 5 57 28 4 6 14 20 50 47 99 82 89 50 36 36 10 56 35 34 85 23 14 15 74 56 87 6 89 57 76 1 34 40 31 40 54 99 33 97 13 70 78 74 2 18 90 24 95 93 35 52 79 43 32 39 78 93 7 0 90 36 20 97 18 48 63 5 28 39 78 69 0 19 85 91 13 27 13 9 31 82 98 36 66 90 75 31 29 80 70 50 79 50 99 71 58 
61 0 6 26 69 69 72 67 6 9 61 51 97 12 37 96 58 4 56 60 64 16 50 0 18 76 39 2 31 76 93 39 72 19 96 99 80 36 33 82 11 22 49 97 99 51 20 31 95 53 44 92 21 10 12 15 13 79 49 79 38 71 77 23 27 51 26 50 77 87 49 91 57 3 54 48 51 1 35 83 21 89 87 31 14 12 30 10 79 77 90 86 50 75 32 30 67 11 42 78 
97 21 57 87 71 3 44 27 68 70 22 83 62 20 76 63 4 40 85 42 40 90 73 11 6 9 89 61 70 12 87 75 24 13 49 14 14 87 97 58 6 76 74 52 3 93 72 89 75 67 66 66 3 64 8 82 84 33 54 39 20 17 15 47 30 97 36 11 62 55 32 25 18 12 39 34 50 48 12 26 99 39 54 25 60 93 35 51 99 13 1 69 57 84 27 69 70 3 12 36 
8 84 75 78 67 57 98 78 94 72 68 59 9 89 12 36 70 59 7 97 59 22 59 18 95 90 67 99 25 90 88 24 35 58 17 63 29 79 25 90 23 79 15 10 91 55 65 37 37 98 40 0 3 80 11 38 70 29 5 99 68 91 29 41 41 41 38 80 9 53 23 94 75 10 5 13 11 51 78 49 8 36 10 65 26 4 53 44 93 32 37 76 1 5 80 9 51 85 19 98 
71 85 42 18 60 88 29 90 94 11 45 1 99 36 99 6 76 82 90 97 77 98 48 28 50 89 81 86 77 57 14 92 82 35 3 91 51 36 20 64 45 22 2 64 4 37 47 53 13 59 60 46 6 32 68 89 96 68 33 28 86 27 0 82 89 28 9 81 84 74 7 19 96 84 61 87 85 12 70 49 2 91 85 48 64 47 16 93 26 15 6 21 51 98 98 58 27 30 75 92 
22 68 87 0 1 58 9 7 50 3 33 85 56 86 11 13 92 3 5 74 70 66 22 53 16 24 60 39 50 53 6 64 98 73 13 54 77 90 0 19 13 47 96 37 66 45 84 12 38 95 19 27 26 0 84 38 6 65 7 2 3 41 15 25 99 2 79 99 88 30 18 42 35 94 25 51 48 67 24 3 46 77 93 6 79 54 43 37 95 82 69 14 94 32 11 75 97 73 24 62 
10 66 86 50 69 34 69 66 56 85 25 20 31 71 35 73 62 63 6 85 83 65 38 38 50 51 96 68 81 23 60 14 85 30 39 64 42 94 13 21 93 50 59 69 94 54 39 87 59 38 60 65 50 34 41 79 76 5 22 48 2 96 67 5 83 10 48 89 83 21 30 40 26 75 78 81 33 83 90 80 84 74 97 81 76 21 56 35 27 28 87 52 77 86 88 55 69 94 41 28 
53 11 88 51 64 19 80 17 82 22 28 1 41 60 90 99 65 81 48 76 79 37 33 27 69 37 80 12 43 34 62 99 22 31 28 77 7 40 91 16 81 15 97 0 39 58 13 38 60 58 33 40 20 48 51 18 11 38 38 62 32 6 21 57 78 51 13 33 43 4 90 38 8 60 88 96 13 50 88 83 72 14 69 17 62 7 37 57 84 63 76 31 37 3 46 19 58 47 33 6 
34 43 95 70 85 72 94 60 11 18 46 7 64 75 30 70 6 84 82 51 72 46 27 46 26 13 55 24 74 77 62 28 13 32 56 74 38 58 11 79 56 17 20 37 10 85 6 93 22 9 9 79 29 30 63 51 22 44 62 79 33 80 46 4 69 8 34 75 91 59 14 73 98 32 13 7 1 17 32 81 97 49 19 15 30 44 67 28 61 21 93 65 69 5 65 74 74 29 8 20 
49 43 24 70 81 46 39 46 23 99 25 33 41 27 69 22 40 28 17 87 45 59 99 75 92 99 21 74 16 6 2 78 74 34 12 8 91 93 67 24 64 49 20 73 60 92 70 23 65 72 58 82 6 19 24 6 11 75 34 48 54 8 57 0 63 52 20 74 56 53 84 25 18 7 4 33 59 7 94 85 10 22 51 73 26 27 89 92 23 67 31 74 18 30 5 46 80 53 6 38 
23 50 62 87 23 34 52 42 16 17 3 91 12 71 1 91 89 96 89 65 80 88 63 11 31 14 36 88 46 5 52 67 31 56 81 83 30 71 75 46 64 21 51 20 52 15 72 61 52 99 60 35 26 47 24 13 36 41 23 84 64 83 44 93 80 95 3 78 28 31 84 31 30 33 41 63 90 62 25 38 11 96 32 64 34 19 4 26 11 34 44 72 42 96 63 23 5 63 62 57 
94 20 35 51 78 57 7 43 8 27 99 88 29 86 14 55 82 14 6 96 71 41 60 21 7 22 86 93 4 44 25 20 58 83 93 39 19 40 28 54 56 12 75 31 85 51 84 99 71 88 52 79 56 15 91 38 0 23 10 68 21 79 56 37 54 93 68 9 52 8 28 79 51 53 37 32 91 99 64 43 15 10 30 6 10 64 21 26 17 74 97 92 52 42 92 93 62 49 52 68 
93 96 87 18 16 44 5 50 35 32 83 64 8 90 10 64 78 55 36 6 77 8 51 61 26 21 15 46 0 93 5 27 86 37 59 29 51 25 61 19 18 56 39 57 47 92 7 84 87 44 11 18 80 29 17 75 41 29 42 36 50 17 5 91 76 0 68 29 64 96 12 15 82 96 87 98 5 41 65 12 69 60 44 66 64 77 24 1 71 79 31 45 37 46 7 17 90 33 81 89 
23 28 57 69 34 65 76 22 5 10 59 50 27 62 8 89 24 44 64 25 75 17 17 28 2 71 88 47 81 97 93 14 31 94 87 61 13 2 31 64 59 93 74 21 35 97 65 30 37 32 90 63 35 85 27 51 71 31 49 16 14 57 9 88 61 21 33 63 74 2 86 48 87 57 98 8 41 5 8 37 80 46 54 96 82 62 68 72 31 26 83 55 9 42 83 93 57 27 34 52 
96 82 11 19 97 9 83 74 5 82 27 39 48 88 27 16 58 90 64 30 6 6 57 62 30 54 63 90 72 32 3 80 84 50 48 53 55 94 55 96 28 26 78 98 27 19 15 18 34 88 29 62 89 47 44 72 14 12 8 72 73 23 94 55 65 67 18 21 41 19 53 96 84 68 97 23 85 94 38 29 30 72 29 58 27 43 71 8 65 11 56 20 81 44 54 83 96 39 3 67 
1 84 53 16 60 72 38 97 36 5 76 24 3 66 82 50 6 10 16 22 7 13 36 22 30 53 44 52 60 93 56 38 6 80 97 15 61 14 69 80 24 46 59 49 94 4 99 57 54 32 75 11 87 6 24 81 48 25 0 14 12 35 22 18 16 98 84 35 45 87 35 0 64 2 22 85 49 69 8 60 7 81 74 14 49 43 0 91 42 71 9 93 57 29 24 42 87 26 31 52 
66 62 79 82 96 36 66 22 65 81 44 40 78 94 60 44 33 19 14 42 26 44 48 75 11 76 51 27 61 98 41 24 95 7 54 75 36 56 35 28 45 39 99 90 57 97 26 77 81 60 53 6 66 79 80 83 12 20 19 70 96 37 44 5 8 40 92 52 48 13 6 37 43 27 48 97 90 23 83 56 14 99 50 89 98 20 21 5 39 51 9 83 2 15 80 41 58 13 27 58 
