14 4 63 73 24 97 13 66 41 74 22 4 51 65 97 44 21 34 57 26 24 53 90 23 61 4 95 21 10 29 
52 7 60 26 81 81 91 67 34 29 29 15 68 94 31 95 46 26 27 77 87 58 11 27 49 21 34 43 9 17 
7 8 44 92 91 18 23 52 61 7 55 61 86 15 4 0 71 3 44 49 67 39 66 28 91 71 40 57 59 40 
57 91 84 61 16 2 0 62 10 6 13 60 28 41 14 62 86 8 90 55 80 78 16 39 92 70 74 31 86 4 
81 53 40 20 96 84 11 12 76 55 24 63 58 96 43 65 58 31 78 55 1 60 25 38 18 5 79 64 46 40 
17 79 88 18 65 39 67 71 22 32 93 25 29 38 31 25 99 60 83 5 36 17 77 89 50 73 92 10 34 11 
50 64 44 27 64 84 76 86 81 66 4 32 44 47 55 80 2 84 59 9 21 69 84 93 12 37 20 60 13 45 
92 87 3 36 45 94 76 17 72 14 40 52 95 44 2 75 70 17 98 58 8 83 28 59 49 56 47 41 95 49 
89 61 75 7 50 92 18 92 81 81 37 42 96 80 91 39 22 31 92 65 43 67 26 48 27 83 56 8 26 92 
60 3 30 42 49 78 49 29 10 69 93 85 12 24 17 43 3 23 10 69 70 58 57 79 72 82 87 36 50 3 
1 12 58 10 84 13 36 24 86 44 16 79 94 3 97 53 61 32 11 95 73 73 62 58 53 21 8 45 21 87 
3 42 65 32 39 43 47 41 39 75 49 28 40 23 4 92 98 64 57 98 99 83 36 63 69 84 90 99 20 39 
70 15 40 95 12 16 54 34 35 3 42 40 88 59 83 45 11 33 6 60 41 48 24 89 62 89 52 60 20 25 
96 6 42 87 76 33 16 24 99 51 48 67 64 5 36 93 85 40 47 67 82 45 77 7 3 75 96 10 46 32 
55 40 20 62 1 82 44 56 24 59 80 59 42 84 42 88 78 8 28 99 86 12 89 55 19 58 20 2 63 88 
76 51 55 62 82 72 59 2 68 63 87 29 51 26 73 75 16 5 89 59 23 7 63 73 51 97 18 48 25 36 
72 52 19 68 57 97 88 16 13 24 20 86 80 23 55 33 51 6 79 84 49 97 83 45 89 91 61 70 90 14 
91 48 95 98 71 15 59 4 49 55 64 70 90 21 21 22 10 40 79 69 87 75 79 12 63 77 47 84 59 11 
76 25 41 30 43 21 75 43 24 73 47 18 33 4 80 16 39 20 73 1 83 49 88 7 12 83 73 48 41 97 
35 14 88 22 58 41 44 29 3 78 75 87 16 83 69 53 23 24 41 34 39 5 98 47 72 64 22 49 51 53 
84 58 81 40 58 51 5 30 68 51 27 78 83 97 83 10 26 51 66 81 70 54 15 82 72 15 44 8 68 12 
71 55 17 44 49 17 85 65 23 46 34 14 34 15 70 77 85 18 21 79 91 71 23 9 12 97 68 66 16 68 
14 16 95 75 21 80 92 85 79 79 81 77 47 93 72 26 87 50 49 99 87 78 31 70 27 15 18 12 94 80 
17 87 8 36 53 39 53 0 81 69 17 38 36 5 86 15 25 81 44 5 39 70 22 55 3 9 72 22 8 94 
25 65 76 84 7 34 57 28 91 14 38 79 21 61 36 90 60 67 94 74 3 86 6 94 54 15 51 33 97 30 
88 34 5 48 64 71 83 11 27 68 55 75 66 18 84 19 54 37 32 62 7 31 1 90 54 87 79 28 88 3 
82 86 48 72 49 38 14 64 76 45 37 39 42 83 31 60 51 44 97 7 98 72 38 90 60 62 36 50 74 26 
82 20 40 86 8 30 54 94 91 15 63 32 61 27 34 1 54 62 87 15 1 23 74 71 90 98 36 15 66 22 
57 1 97 20 82 20 16 92 27 95 48 69 82 87 20 73 86 45 61 89 36 36 40 65 55 10 63 80 39 21 
23 42 32 0 96 80 85 90 25 94 80 56 71 3 82 66 98 43 11 69 65 15 5 14 83 59 3 63 94 99 
