33 2 64 95 10 82 16 97 58 63 34 65 12 94 59 10 74 96 18 15 7 4 37 77 18 64 31 13 86 55 66 26 87 71 22 96 71 29 55 51 86 69 13 39 61 13 98 64 21 77 
54 58 34 5 68 65 74 37 15 95 60 18 72 3 26 51 24 28 97 28 9 9 42 98 30 26 85 94 41 40 6 25 91 92 90 38 39 51 40 64 22 21 38 80 18 24 40 51 84 56 
40 24 47 96 80 49 38 79 52 41 30 18 34 14 97 4 25 58 38 56 63 87 96 63 97 32 92 85 41 51 22 49 51 85 82 40 29 82 59 18 2 16 89 45 67 70 14 44 76 45 
34 29 27 52 25 3 77 53 68 1 12 18 30 90 54 2 60 68 33 48 90 33 77 32 90 64 40 12 43 22 49 16 84 99 50 6 17 38 52 38 68 45 27 52 32 62 11 61 64 61 
84 84 96 95 40 36 26 18 7 60 56 91 22 4 37 29 21 24 48 86 15 25 90 88 69 14 4 81 74 95 67 67 85 69 2 47 35 77 33 45 18 21 46 60 82 92 14 71 21 34 
50 77 65 96 63 26 81 10 37 15 12 79 40 54 13 4 20 0 66 91 17 38 35 26 2 31 20 3 50 52 19 98 64 40 18 36 92 76 38 78 56 62 78 83 54 74 38 48 29 27 
22 35 41 66 43 5 10 88 51 49 30 33 99 2 1 18 75 38 30 85 53 95 59 85 2 56 70 86 82 41 84 17 6 80 13 61 13 81 89 83 9 18 33 69 83 85 85 20 86 12 
44 4 88 99 1 69 67 68 17 69 77 5 81 34 40 13 86 68 52 50 51 43 21 91 94 50 30 72 97 44 18 73 74 25 17 87 79 95 17 66 13 13 89 63 51 20 30 11 73 57 
42 63 14 77 15 52 41 26 9 56 21 48 10 91 4 53 5 85 15 16 39 7 64 94 25 70 71 60 27 57 9 31 35 57 97 10 91 2 46 40 8 35 22 51 4 48 77 85 66 45 
68 99 79 17 76 68 95 89 11 64 4 3 16 56 94 3 24 81 30 15 3 80 41 8 0 55 59 75 27 60 30 13 76 49 79 59 57 7 41 74 60 28 38 14 29 45 59 64 6 9 
18 0 54 42 42 90 60 34 21 58 87 72 90 6 69 83 88 35 75 59 80 74 89 55 93 61 92 96 17 28 29 37 94 52 69 6 98 80 36 9 8 1 60 7 41 19 17 14 88 95 
1 13 46 67 83 95 23 40 91 97 79 41 92 51 31 50 73 48 45 64 18 69 60 88 30 52 89 20 79 14 71 77 1 63 35 97 86 81 88 59 72 38 17 56 54 76 15 67 41 63 
73 83 74 49 89 48 57 28 43 60 71 37 75 9 10 16 16 28 30 63 61 61 78 29 45 76 91 95 15 42 75 8 97 52 80 44 79 43 55 10 56 55 94 53 82 97 55 94 24 55 
12 15 22 97 68 7 95 54 70 32 19 30 42 20 55 7 29 24 47 43 56 89 97 40 56 41 6 42 64 24 50 95 14 55 28 71 9 42 5 64 33 47 28 23 90 79 39 32 66 67 
74 94 25 37 94 89 9 66 24 18 75 87 83 25 34 49 32 89 86 21 92 13 79 39 31 53 36 65 84 67 48 65 10 71 2 27 64 70 39 23 69 58 10 85 47 94 44 5 15 48 
69 19 95 72 58 86 60 30 3 95 82 61 57 95 68 64 78 6 28 49 53 69 37 85 85 96 75 25 96 17 78 85 44 27 0 74 92 17 33 75 22 54 22 97 19 35 68 78 84 59 
49 41 54 26 93 8 84 22 54 26 81 10 19 69 40 36 87 20 60 59 50 71 98 98 34 40 51 1 38 0 86 74 0 33 36 54 3 2 14 71 67 75 68 72 71 92 3 96 30 26 
79 61 5 4 92 56 57 31 2 52 99 76 29 0 95 40 28 60 2 23 66 74 40 11 17 17 99 11 79 62 51 12 30 20 15 73 94 5 15 89 37 60 65 62 86 94 86 68 67 4 
26 46 85 59 70 12 63 48 29 34 41 57 32 80 6 82 13 3 82 18 28 94 90 22 32 0 32 22 64 11 78 65 61 34 36 98 69 94 20 60 68 15 41 30 57 38 28 81 55 64 
52 52 24 71 68 69 19 28 38 91 56 74 3 92 73 36 90 6 61 36 31 20 33 8 1 45 15 3 65 4 69 48 49 93 84 89 23 37 12 48 95 38 29 59 50 14 29 75 75 79 
44 91 87 61 16 90 4 81 8 58 79 18 12 79 25 48 16 9 17 23 67 91 93 14 79 90 50 61 14 54 11 55 63 2 95 20 92 86 59 9 63 23 88 27 2 34 34 11 79 51 
31 41 6 11 53 3 77 98 54 20 86 13 90 73 96 76 32 20 22 73 5 43 87 34 79 17 66 16 76 20 31 98 9 90 46 2 13 34 3 25 48 58 1 44 61 1 36 50 12 61 
17 90 72 6 15 0 51 77 59 6 11 6 87 38 37 98 30 62 45 62 54 77 81 13 95 42 59 0 31 13 29 86 0 50 92 53 72 73 59 1 54 80 99 20 18 41 11 55 60 67 
2 72 9 82 52 89 47 70 42 78 71 12 89 79 48 47 99 96 89 50 78 68 6 95 92 15 43 1 18 45 0 73 14 46 96 62 54 95 97 91 7 8 11 30 53 44 99 82 86 28 
9 53 11 90 62 98 89 84 22 51 8 58 91 1 73 59 61 31 75 80 28 53 62 69 30 29 26 12 25 21 51 52 0 70 39 98 44 70 45 90 61 58 23 52 75 92 58 54 23 54 
91 17 83 40 34 44 83 52 35 9 6 29 68 25 21 87 55 3 72 28 63 37 41 3 94 36 55 5 61 38 82 25 87 85 25 6 91 53 20 82 12 64 87 17 49 76 5 64 24 43 
71 67 70 89 84 6 29 46 79 18 65 26 18 4 98 15 42 92 38 50 23 17 75 31 38 9 84 19 86 8 82 29 6 8 59 91 7 8 84 87 37 73 14 72 24 9 26 92 15 89 
61 83 31 29 19 63 65 51 36 0 97 43 66 46 53 58 52 0 95 13 13 52 25 28 28 62 83 47 89 67 20 2 0 74 80 67 75 24 23 89 86 10 83 18 42 60 42 34 62 12 
83 94 94 66 98 85 29 42 48 97 38 80 82 37 56 69 61 92 40 99 20 3 5 92 30 28 83 17 48 13 83 86 23 9 67 27 27 13 38 77 59 82 39 0 91 24 25 85 2 83 
32 89 72 54 31 36 69 45 38 89 33 66 46 93 70 42 40 46 7 83 58 60 9 13 43 91 83 5 75 75 52 87 49 60 68 86 14 17 66 13 91 34 83 61 62 34 82 28 42 74 
96 52 89 18 94 11 30 40 59 92 65 17 3 29 56 52 55 19 55 52 76 29 88 15 37 34 20 89 87 99 53 91 38 18 65 66 18 21 24 93 43 34 1 32 84 82 68 88 15 84 
59 44 58 75 34 30 26 21 79 35 80 82 9 10 47 78 5 28 39 85 15 23 62 71 51 25 61 3 83 95 99 4 25 33 8 13 29 62 67 89 6 86 16 60 70 69 68 46 18 20 
99 31 45 6 57 12 52 85 82 81 73 23 55 69 68 21 52 77 8 73 49 57 25 46 58 77 31 53 86 41 66 10 95 85 3 0 21 57 33 80 15 94 45 78 14 83 22 41 6 1 
18 73 76 84 9 31 22 87 37 91 2 92 86 90 88 92 42 5 34 43 45 62 57 27 55 5 30 32 24 39 50 44 11 88 41 55 70 80 65 23 87 10 98 80 21 16 19 62 8 15 
50 80 22 79 35 76 48 93 86 46 87 52 20 17 90 17 1 84 28 60 3 76 20 51 23 4 27 50 47 70 85 93 44 23 60 56 2 54 71 63 63 54 0 77 22 37 75 59 38 58 
99 78 33 80 40 99 27 35 44 40 96 24 40 48 45 92 91 89 87 95 1 55 39 6 38 42 82 56 44 13 2 3 80 4 98 43 48 28 43 67 16 0 98 97 92 53 62 35 5 56 
13 65 62 7 68 16 28 44 97 92 35 10 81 30 93 32 18 75 92 83 44 54 2 61 62 10 83 58 29 38 83 26 99 55 75 35 23 1 72 44 20 11 55 96 63 5 10 48 5 28 
52 46 84 43 93 99 4 5 40 86 91 48 20 20 52 41 70 23 46 30 84 4 76 94 23 77 26 64 64 82 79 41 81 63 5 25 30 21 49 25 74 94 87 28 89 1 65 82 17 20 
71 26 71 83 5 75 97 22 49 83 57 82 59 61 95 36 35 14 69 80 96 54 15 17 38 33 92 42 70 41 89 32 64 56 72 22 8 95 39 65 11 9 92 33 63 19 50 61 98 41 
10 37 53 49 31 36 38 41 62 13 45 87 78 92 25 19 80 4 67 94 60 38 52 29 65 58 47 63 43 72 71 84 4 42 75 23 7 17 87 50 41 81 0 9 50 87 30 16 8 53 
19 94 14 78 79 53 23 56 37 28 78 92 80 25 36 73 26 97 2 53 70 48 32 82 68 29 33 86 93 87 89 33 65 30 33 49 65 9 65 91 86 98 9 66 64 57 67 30 59 87 
58 32 46 12 86 97 35 50 85 95 0 61 65 1 29 93 58 90 67 1 60 5 4 37 36 88 51 78 9 69 62 97 10 94 72 40 88 28 87 41 46 10 71 69 12 5 59 95 82 35 
51 21 6 63 95 49 17 45 45 73 9 8 20 77 25 35 37 18 63 32 53 35 90 8 71 76 26 60 89 60 29 40 12 50 88 69 26 66 93 10 21 51 37 2 92 55 81 44 22 72 
90 40 79 65 40 94 51 63 29 52 95 90 30 33 5 48 33 75 95 48 25 7 29 25 49 17 40 82 47 82 53 48 41 30 10 50 89 50 50 83 21 35 25 3 64 60 35 6 1 48 
53 9 69 25 84 46 71 7 11 41 88 38 95 28 35 45 63 74 72 73 14 75 56 24 76 37 99 26 26 0 76 76 31 62 66 98 40 11 74 89 85 60 45 50 25 19 35 32 4 28 
48 19 81 70 9 42 44 92 56 73 3 89 77 43 25 51 80 12 68 92 0 94 92 75 74 37 81 23 90 29 70 56 98 72 95 19 55 6 64 40 21 13 1 51 91 25 4 50 10 84 
43 41 6 75 95 12 58 38 94 63 10 89 36 50 36 48 82 4 43 77 86 94 22 89 11 66 52 36 82 0 97 80 37 94 6 41 24 42 16 90 29 35 24 6 38 58 24 98 27 63 
11 87 87 83 59 17 72 38 21 33 51 75 72 22 34 55 34 10 98 52 67 96 18 24 45 38 84 69 69 53 82 89 69 66 85 18 0 26 45 96 4 48 12 16 72 5 67 38 12 37 
33 32 58 48 22 80 85 65 30 15 70 92 76 27 42 41 2 79 75 1 72 98 73 16 9 2 39 47 70 47 70 42 45 79 67 75 1 86 88 12 83 96 72 79 33 45 14 20 8 96 
51 8 28 33 99 85 75 28 94 79 26 36 80 63 15 37 77 57 34 86 36 54 55 98 6 91 54 84 17 54 86 91 64 36 55 10 0 49 63 27 25 45 83 64 46 22 57 97 47 85 
