57 22 33 94 28 34 79 86 86 2 22 39 89 27 69 2 31 26 19 24 24 87 53 35 34 82 82 55 32 49 18 88 85 33 52 36 60 44 91 53 69 79 46 82 62 8 54 71 44 29 22 32 34 2 35 29 24 52 22 41 65 69 80 52 50 55 37 55 80 35 32 49 37 28 53 62 36 73 86 87 27 16 54 53 83 96 18 2 25 3 62 70 92 52 3 32 84 14 31 80 
40 41 76 31 97 40 13 3 90 58 73 22 87 48 22 10 53 24 16 80 71 75 42 44 78 26 82 70 29 59 99 55 87 32 17 29 20 14 3 10 18 33 84 79 41 73 96 34 7 29 74 32 74 46 13 7 21 51 10 3 36 98 42 26 94 97 56 6 33 41 11 21 48 41 69 35 19 2 32 29 50 46 47 92 41 2 56 34 28 71 26 66 72 5 97 15 97 9 47 72 
88 46 28 84 98 73 71 38 94 77 44 42 92 91 64 62 26 81 52 89 98 88 69 11 61 61 54 65 36 64 51 93 12 87 65 61 51 79 0 93 44 64 84 23 60 98 14 74 62 59 67 4 67 18 3 20 12 42 82 32 13 67 55 54 34 41 82 24 25 97 34 66 84 73 20 30 44 14 52 92 61 34 69 71 83 92 51 22 87 67 86 23 42 74 10 41 58 10 60 32 
10 45 42 83 2 6 93 87 77 70 75 34 20 35 7 43 58 60 35 25 38 73 16 35 71 91 74 90 40 5 18 36 76 0 7 31 30 16 79 5 94 55 66 83 39 89 7 73 60 38 76 9 74 76 76 10 93 34 52 4 65 6 31 56 94 22 81 85 81 86 28 11 66 68 99 79 46 42 72 99 0 41 28 32 10 34 16 15 91 98 29 18 49 85 35 28 29 1 46 72 
22 83 38 38 51 80 44 49 37 54 52 22 23 62 20 72 76 20 49 40 79 49 82 68 96 32 86 69 79 30 26 30 47 84 72 32 7 93 3 37 34 76 58 5 27 57 34 94 67 40 49 79 76 79 1 86 34 23 95 46 53 93 98 94 87 97 53 50 18 95 41 97 24 96 80 22 99 95 15 41 53 52 76 95 54 13 69 20 16 18 1 17 86 8 18 88 40 47 71 10 
29 12 43 51 54 69 50 37 40 87 43 6 41 52 38 3 4 70 97 11 66 39 9 79 57 96 25 72 5 25 74 45 9 71 33 16 4 89 36 1 19 28 81 26 76 37 46 2 3 38 80 24 32 33 48 2 26 62 59 75 77 8 20 59 42 33 53 23 41 81 58 86 93 33 69 26 7 86 69 23 99 85 61 18 83 3 84 6 59 42 84 40 73 69 40 82 30 77 46 18 
86 57 61 87 50 44 90 40 86 9 97 0 25 29 69 63 84 16 11 94 29 30 6 80 92 27 5 83 2 8 12 77 1 2 53 99 18 65 52 31 36 91 48 58 40 39 16 76 37 81 50 17 97 25 54 37 77 33 1 44 56 69 33 75 33 91 59 40 20 41 50 46 69 82 24 21 23 54 36 93 15 40 50 77 15 90 42 42 97 7 39 64 72 59 84 41 90 56 70 25 
74 67 95 86 49 13 69 69 31 70 2 67 34 92 45 51 55 94 73 60 96 2 0 86 16 5 39 5 63 54 66 10 20 10 94 4 67 57 74 41 83 47 93 24 50 80 71 44 51 53 12 11 23 93 56 46 10 72 39 58 78 3 61 55 97 31 38 42 95 77 77 19 70 99 54 0 86 14 97 64 26 81 98 1 77 46 5 59 80 72 87 51 69 23 13 38 56 17 37 96 
93 98 87 99 67 40 27 64 20 74 2 59 1 93 26 98 92 81 68 43 14 49 10 92 47 22 9 80 65 79 25 45 96 89 84 11 25 84 71 59 60 73 75 7 99 82 61 9 95 60 25 45 69 58 26 95 82 12 18 56 85 85 89 16 69 23 28 15 2 52 73 39 74 82 99 29 30 83 94 21 43 66 72 61 5 52 78 6 28 45 11 73 55 74 69 88 74 53 31 56 
56 55 41 41 95 22 73 45 82 85 20 45 47 5 3 33 62 70 11 35 26 41 34 69 42 44 31 2 13 1 6 58 82 23 57 45 19 61 64 5 86 90 74 29 73 41 3 11 30 35 50 3 95 16 64 21 71 33 70 62 30 24 96 59 26 33 47 98 61 25 17 85 40 89 38 98 69 82 73 91 28 52 63 24 96 78 87 18 32 40 75 94 40 20 16 50 28 41 82 0 
54 96 31 64 95 2 89 90 83 30 54 55 36 25 32 48 63 53 75 59 18 79 12 39 68 22 69 22 80 62 89 83 43 5 32 23 2 27 43 23 71 78 12 21 32 27 94 68 19 50 86 71 81 90 66 6 37 28 32 72 7 60 53 0 65 84 33 28 54 1 1 55 22 25 96 75 15 76 18 32 64 8 81 52 12 82 76 57 43 25 15 28 20 49 67 24 95 93 27 35 
49 64 82 50 43 66 67 39 69 55 51 55 60 45 19 77 35 64 90 61 74 32 1 25 79 97 95 46 47 67 34 81 93 30 61 51 26 53 6 4 30 52 0 84 26 23 10 3 47 76 77 31 78 33 32 17 0 79 93 56 25 88 15 12 87 80 10 77 29 89 20 55 29 56 21 59 21 60 2 38 78 76 78 70 44 22 78 59 28 89 84 92 15 24 70 53 78 52 61 87 
32 45 12 51 9 45 21 78 25 67 84 16 64 9 43 14 71 72 21 63 62 79 26 27 49 87 16 32 75 61 49 56 68 70 77 42 94 13 1 72 46 42 9 24 61 77 66 89 69 26 39 54 4 31 88 64 90 10 89 28 27 0 48 94 15 42 1 99 18 1 40 92 90 11 15 62 8 37 71 29 43 4 43 3 9 99 47 62 14 91 93 76 54 21 79 19 63 8 72 99 
63 11 76 24 97 93 47 39 47 29 14 75 3 15 86 26 97 98 26 77 16 29 71 81 84 40 27 22 78 93 63 32 55 36 43 89 10 76 4 47 15 91 42 83 37 63 2 5 53 39 21 74 14 69 90 81 63 41 10 25 76 20 66 41 67 27 19 53 32 32 83 39 1 51 1 13 97 45 43 98 0 77 50 12 37 15 91 68 65 60 67 33 88 4 45 74 9 43 44 59 
2 84 71 12 40 43 17 19 94 36 56 82 9 71 33 42 93 87 53 76 31 14 76 96 66 3 31 84 24 97 98 75 67 72 96 35 14 90 30 86 44 27 8 8 61 24 81 88 69 15 97 66 68 82 70 3 1 4 47 3 4 11 26 38 36 69 63 20 81 3 48 39 62 17 73 31 83 61 17 93 27 17 8 50 99 77 86 63 73 53 28 28 10 35 4 89 68 25 2 50 
55 87 40 44 17 64 89 35 97 80 8 57 83 88 68 50 70 32 39 43 35 88 81 48 68 16 48 8 23 98 70 70 90 42 8 67 92 84 47 44 47 5 83 74 36 46 29 88 99 8 21 95 56 41 28 54 95 72 42 53 31 55 64 29 51 59 13 23 41 86 88 80 23 96 50 47 6 88 89 64 93 60 83 12 60 9 87 44 40 98 92 32 12 13 1 71 84 55 23 94 
37 91 43 72 72 34 46 58 11 32 47 89 48 81 90 10 70 97 23 53 6 71 62 51 28 25 41 89 14 12 31 3 5 65 97 7 49 33 20 13 40 72 17 97 44 10 82 46 64 68 49 15 83 98 29 11 43 32 69 5 56 4 63 64 35 47 1 86 30 24 55 53 13 97 99 63 86 60 34 6 19 23 46 0 25 11 43 89 73 64 50 33 31 71 37 34 79 44 34 64 
15 1 82 52 16 15 62 18 93 12 62 3 2 81 26 0 15 45 35 68 22 81 19 44 59 78 25 73 92 35 64 13 18 14 93 69 26 42 61 2 40 21 39 47 5 17 89 33 77 60 47 21 60 90 85 84 30 27 10 32 34 12 9 40 14 63 56 39 87 24 31 7 34 48 6 20 18 35 50 99 17 99 77 96 12 51 87 17 44 29 83 5 75 81 54 1 55 28 33 8 
32 0 61 0 1 31 20 31 97 59 51 91 25 33 45 9 95 18 42 63 12 21 55 85 75 23 26 73 55 96 45 76 40 70 63 58 96 95 59 50 15 84 89 71 68 68 98 25 17 94 59 16 76 18 7 44 58 92 99 0 18 91 99 18 11 39 69 64 86 13 55 83 30 98 40 69 39 18 91 16 51 87 89 21 19 44 45 36 23 10 57 63 22 22 19 23 0 55 49 95 
4 91 6 72 66 5 51 28 75 90 76 33 26 92 5 66 72 35 75 0 68 27 79 74 24 46 20 25 46 35 78 40 91 75 24 40 25 37 38 54 59 86 55 2 55 39 82 38 63 64 56 25 80 50 73 21 90 97 79 41 38 34 35 27 68 86 23 52 72 44 37 93 59 62 29 10 77 52 8 91 9 60 8 24 72 43 46 78 34 21 81 80 14 23 41 64 30 13 85 6 
83 84 49 28 36 44 43 54 58 56 58 22 73 38 76 67 54 61 70 0 84 44 77 31 53 55 84 79 90 21 73 24 41 69 9 80 16 18 7 19 14 15 58 92 75 12 16 8 51 29 87 25 1 17 12 36 21 63 74 7 52 95 63 99 33 12 18 38 64 14 1 64 26 15 48 20 24 35 53 61 1 32 96 90 45 63 79 62 66 12 70 1 16 70 40 26 42 71 37 41 
1 1 1 38 2 24 55 13 53 12 15 59 96 53 7 75 79 21 5 30 27 99 56 49 41 39 21 17 55 4 67 47 64 60 79 58 31 56 75 61 31 68 23 36 59 82 87 3 8 33 66 42 19 71 64 96 30 94 13 1 53 79 98 88 35 86 5 46 74 49 77 37 15 47 41 1 56 16 58 62 79 39 64 57 88 21 60 39 82 57 38 64 78 91 41 71 24 49 53 82 
40 70 85 94 46 83 48 7 4 13 40 18 19 28 24 69 68 65 96 36 30 50 93 57 8 13 45 63 33 24 6 3 3 92 99 76 50 25 66 80 76 38 34 3 23 18 15 19 60 12 90 82 5 52 86 49 95 9 19 53 47 26 57 57 59 16 18 4 42 56 23 44 26 39 44 39 78 5 83 36 50 81 43 27 81 62 67 3 47 82 91 29 40 30 72 53 63 82 48 55 
34 68 48 90 92 97 92 4 79 33 37 35 91 42 78 91 41 31 2 61 41 90 26 61 87 39 77 96 9 38 78 89 36 36 85 6 94 23 59 78 30 81 99 34 7 34 6 36 8 21 19 15 32 22 98 79 29 92 45 76 71 68 55 92 99 53 92 98 94 49 75 50 92 12 83 15 65 86 28 67 54 37 47 21 6 88 71 88 87 27 27 51 45 55 12 97 21 76 6 49 
23 24 91 51 33 6 90 69 96 46 76 19 42 63 13 10 45 2 52 0 36 45 76 76 30 66 25 3 31 83 99 92 50 91 89 73 72 21 66 5 6 93 31 62 36 20 76 61 84 16 34 27 30 5 27 98 19 77 50 96 52 99 44 15 90 8 7 90 65 99 54 17 78 10 19 73 43 53 81 97 35 11 80 35 37 75 54 40 15 8 55 35 11 18 88 44 55 21 34 20 
62 21 61 74 79 91 7 51 41 71 21 52 76 28 43 78 73 47 21 28 14 93 65 64 73 54 89 16 96 34 80 63 86 22 68 83 31 38 41 89 42 94 48 16 98 91 1 91 82 89 59 92 90 6 10 31 40 51 34 68 68 86 68 55 19 90 91 12 22 36 4 80 45 43 25 81 80 73 30 97 20 79 76 66 59 23 49 70 27 98 95 58 60 51 49 43 84 76 54 95 
8 9 28 11 12 68 35 69 97 51 64 13 58 38 24 31 42 30 35 61 0 50 92 56 24 40 6 92 60 17 16 26 42 35 38 91 3 28 94 56 73 29 92 31 47 55 72 26 91 39 56 90 78 63 31 20 10 31 55 5 57 82 40 15 21 6 58 84 28 13 19 77 6 63 9 75 12 19 83 43 64 50 49 86 22 68 68 33 61 72 81 35 54 53 79 27 94 38 78 30 
6 58 0 7 19 77 59 75 23 75 68 21 44 33 98 7 43 67 35 14 28 84 20 63 87 46 26 39 55 49 16 10 61 4 46 80 3 90 95 48 97 16 23 40 6 14 73 62 34 33 21 39 9 42 11 89 20 58 70 67 62 17 7 63 65 21 92 86 25 44 48 83 42 72 6 53 12 52 90 17 10 88 81 29 57 22 74 13 32 49 57 13 11 10 98 99 24 10 21 96 
72 15 1 43 98 72 41 98 29 44 56 82 20 81 33 14 35 54 30 28 48 74 87 69 4 53 5 0 33 2 64 53 60 70 69 8 42 68 75 87 59 11 58 67 91 15 71 90 78 79 84 34 82 65 53 72 71 65 45 59 83 91 15 88 54 49 13 22 45 89 6 54 37 24 81 84 33 56 21 32 44 70 16 5 85 40 32 81 1 37 59 28 26 30 4 75 98 48 92 75 
56 94 6 49 9 86 6 0 46 49 74 69 10 22 65 95 2 34 27 14 27 58 41 73 25 92 40 79 62 33 19 46 91 45 85 68 78 17 97 42 84 81 7 61 57 56 64 90 69 12 78 40 1 6 73 86 75 64 13 59 92 27 51 62 57 36 81 17 99 62 94 42 16 9 87 6 87 83 26 66 74 22 19 87 76 1 79 51 75 97 30 4 72 28 32 66 0 10 83 68 
86 84 63 35 24 95 38 12 44 24 89 80 42 82 39 24 56 15 90 58 31 98 44 26 39 8 72 88 38 34 34 89 98 56 88 38 78 69 99 77 16 4 57 36 16 52 94 49 48 73 15 85 82 20 9 40 74 70 37 32 91 24 17 10 79 94 61 9 52 57 7 65 46 6 39 21 79 46 82 85 61 0 21 86 57 40 35 10 69 91 36 70 58 89 75 54 47 84 4 17 
94 13 95 63 90 62 71 98 77 8 75 14 8 31 67 62 56 74 39 84 93 33 9 21 33 20 41 21 33 29 52 72 70 73 32 86 36 78 50 65 94 57 45 78 64 52 18 6 41 73 31 48 22 21 63 91 89 22 55 0 70 80 88 22 50 6 77 98 56 89 36 47 49 95 56 55 80 4 85 20 57 22 58 19 69 32 71 25 40 17 36 9 82 29 79 93 82 99 76 87 
2 62 80 49 57 32 18 3 66 58 31 8 63 19 14 11 44 17 56 79 99 38 23 79 30 50 63 69 33 80 83 3 49 91 18 91 50 69 32 98 71 20 10 96 17 74 83 12 55 87 41 96 56 14 92 73 37 27 2 44 64 55 4 33 72 58 33 68 91 23 33 15 49 92 48 48 9 57 25 85 47 83 20 71 50 66 66 9 58 10 17 13 44 31 61 37 23 85 10 38 
15 46 41 62 28 0 94 10 0 0 3 48 54 44 7 27 73 33 27 61 76 26 61 24 81 3 29 12 70 95 39 68 29 75 92 10 68 92 55 86 6 98 15 44 96 39 22 22 51 97 27 80 58 37 25 2 56 23 9 10 69 51 2 59 55 62 56 51 45 62 35 96 28 62 23 11 29 41 83 29 17 5 77 64 32 73 62 92 42 74 44 87 36 77 81 74 1 42 56 44 
53 46 46 33 81 10 16 55 86 74 71 26 90 5 55 99 55 37 6 91 35 95 10 86 9 13 80 79 78 58 31 84 31 13 52 16 23 4 97 94 22 34 19 20 5 53 91 10 84 12 3 93 76 92 74 74 88 14 69 20 92 23 84 96 27 12 82 12 7 42 49 92 47 80 78 48 27 89 47 19 82 19 57 82 92 52 8 28 97 58 86 48 83 13 70 53 86 18 36 26 
8 73 82 58 76 96 39 88 79 12 14 28 13 74 77 92 5 11 29 94 8 40 71 76 78 46 6 6 80 26 76 88 48 14 67 63 38 73 79 85 24 68 32 0 78 8 78 43 42 90 5 71 41 88 95 19 67 26 66 62 35 31 36 39 17 63 92 65 60 85 3 62 72 20 14 22 90 74 35 87 1 85 2 99 37 43 16 0 27 10 71 32 87 59 70 87 45 40 6 32 
86 3 10 21 36 51 32 73 50 14 19 3 5 4 2 28 18 93 67 32 93 54 4 72 98 30 94 89 45 8 81 2 50 37 51 16 7 76 94 8 36 87 35 10 95 53 34 93 85 61 6 48 38 75 49 68 34 94 77 9 34 11 64 4 15 72 17 5 70 40 21 10 19 92 65 82 94 43 31 68 16 27 26 77 93 38 2 7 79 44 24 81 84 30 56 9 20 58 17 48 
53 27 40 9 73 83 4 5 37 80 97 64 41 49 51 73 22 86 27 85 50 82 69 5 67 2 7 87 4 48 47 91 98 18 5 53 81 40 42 25 53 36 21 58 0 3 57 34 95 18 16 70 37 68 76 85 6 34 2 54 22 83 25 41 98 84 50 30 31 63 29 8 83 93 8 99 16 47 28 26 22 62 44 71 76 47 42 47 93 1 4 55 30 79 44 83 46 16 74 29 
71 3 70 29 95 72 99 60 16 46 42 65 4 49 95 0 47 32 19 1 70 48 58 49 74 51 62 49 86 85 98 58 35 69 31 7 35 69 44 57 33 41 39 74 86 9 4 31 25 30 23 25 63 50 42 57 16 69 39 61 5 30 31 88 94 41 31 5 83 31 10 48 92 31 88 63 14 77 27 95 0 75 50 42 69 76 48 20 30 5 28 84 26 23 53 2 75 37 32 48 
86 71 30 82 92 31 30 36 36 57 13 37 37 18 70 48 86 12 73 76 99 7 54 54 31 29 20 63 43 31 63 35 0 91 15 87 86 91 79 62 34 33 39 72 70 66 43 73 16 21 37 63 13 83 94 36 78 65 78 43 7 94 92 5 36 88 32 16 75 95 32 0 94 21 29 32 28 75 87 33 26 11 24 63 24 12 69 62 65 58 51 47 58 52 81 55 0 29 62 63 
83 70 46 13 47 16 47 3 79 65 24 48 83 94 10 30 93 62 93 52 49 85 3 11 19 30 3 67 78 99 26 19 18 19 22 37 98 37 90 46 74 43 50 94 42 14 8 86 2 55 61 8 70 65 85 31 89 46 22 28 91 51 42 44 65 59 83 28 38 0 52 51 28 7 93 54 24 56 85 59 59 4 94 42 54 44 90 28 42 20 10 17 0 89 45 97 55 59 33 93 
71 69 84 50 55 15 37 30 78 91 37 15 41 23 83 59 11 79 49 83 14 93 18 35 33 99 92 56 23 6 5 70 38 45 70 30 67 37 36 30 27 89 21 10 98 78 87 34 79 92 13 91 82 62 53 11 75 7 52 47 22 96 54 88 49 63 64 8 71 88 62 66 34 82 40 4 97 3 82 55 51 6 7 30 64 29 12 71 86 91 91 51 99 9 11 97 81 75 79 34 
24 45 21 79 66 66 98 26 89 0 97 27 80 44 44 81 80 85 56 40 43 54 66 29 78 67 0 95 88 38 56 12 13 33 44 88 50 16 74 94 86 85 25 60 57 9 35 47 3 94 81 47 91 65 89 11 77 97 81 10 0 21 14 53 64 64 48 88 70 74 97 76 27 7 76 85 84 38 11 61 15 89 26 16 40 13 36 89 20 75 71 67 47 30 29 90 71 39 39 90 
70 49 66 70 51 81 94 46 83 0 23 21 24 80 58 32 16 31 93 85 20 44 50 79 87 65 50 34 84 69 97 37 48 83 23 91 91 0 95 94 0 2 22 26 32 69 26 39 24 54 77 17 58 31 79 41 11 39 51 47 10 57 4 64 9 99 32 19 3 89 40 4 18 3 69 85 63 31 87 29 7 37 10 83 95 62 74 53 23 30 95 9 74 51 94 57 23 64 0 73 
76 80 47 5 81 41 5 13 81 86 24 64 59 16 41 96 13 17 72 60 71 86 94 16 12 21 20 38 70 40 87 76 34 54 82 21 85 60 16 91 1 86 69 62 81 70 52 80 32 95 28 83 29 0 58 7 82 88 19 36 4 61 77 78 39 49 65 14 34 57 9 63 44 42 16 81 76 7 62 84 4 64 43 92 6 94 16 94 45 65 77 57 77 36 86 32 24 78 23 93 
1 77 11 44 46 85 25 30 61 90 49 63 13 53 50 53 68 43 65 31 33 35 40 73 55 53 33 62 65 93 62 28 58 91 21 46 95 31 92 70 65 49 59 76 92 80 95 16 85 86 67 1 0 4 68 10 23 83 30 53 66 36 84 11 65 45 58 74 53 94 36 11 8 57 92 51 87 79 53 28 67 12 60 70 32 32 77 86 17 34 66 20 29 20 2 93 18 1 64 65 
18 3 19 43 8 34 33 71 60 22 88 66 49 9 29 32 73 16 40 21 10 84 15 14 57 78 2 68 1 55 45 86 20 54 72 35 20 52 15 93 75 80 85 37 76 8 31 95 77 52 22 79 6 48 29 65 65 43 97 25 89 64 91 48 89 18 64 35 90 14 27 91 53 17 14 1 65 90 52 13 94 1 82 6 92 66 97 80 29 97 10 67 12 87 59 55 20 96 64 97 
92 52 45 27 84 75 45 15 49 6 92 27 38 62 89 16 58 43 85 57 44 33 40 15 33 18 93 1 23 44 88 28 89 45 97 65 40 95 79 77 89 57 96 35 38 8 5 12 6 2 30 77 87 11 62 64 49 43 51 90 73 99 56 26 26 82 44 74 65 38 72 15 23 5 49 51 74 99 68 15 0 0 75 28 7 37 52 4 52 75 62 53 73 52 66 63 59 36 73 0 
68 1 75 89 20 76 1 70 5 50 17 20 61 62 95 14 37 90 70 89 96 27 10 0 27 12 43 58 78 93 82 78 63 77 96 88 67 31 54 87 83 82 36 25 80 73 24 36 90 52 66 48 95 99 97 46 56 0 49 18 72 71 93 28 74 54 63 92 25 12 15 18 46 10 89 76 75 37 21 71 97 59 65 29 24 59 65 40 15 82 46 28 13 65 36 66 78 9 29 20 
82 92 91 32 38 66 59 45 70 37 8 89 74 96 21 35 72 78 53 4 51 2 86 85 27 59 68 32 0 3 22 25 65 65 93 96 39 40 74 7 70 96 90 97 12 88 36 39 37 48 9 64 52 83 12 8 35 59 68 13 98 89 91 44 39 20 73 82 50 80 49 10 26 91 99 59 72 1 98 85 26 59 77 23 67 96 95 55 13 23 67 86 72 14 24 6 43 60 35 39 
90 66 54 67 62 63 93 54 60 2 64 67 74 49 28 86 66 78 89 32 34 72 14 31 91 65 11 56 89 99 94 96 66 76 52 36 16 48 14 42 84 75 80 54 49 14 2 28 69 78 27 53 25 52 38 29 70 17 38 48 80 15 55 80 83 87 36 63 77 39 55 23 18 47 3 68 75 35 15 24 77 3 8 89 20 93 44 92 36 42 59 27 95 44 65 41 51 80 1 75 
46 34 80 17 82 7 32 68 88 79 33 76 46 36 52 66 53 15 62 28 82 51 45 3 96 47 43 31 44 71 60 8 49 4 75 80 88 28 65 95 12 14 80 86 46 1 58 80 64 24 67 74 20 92 68 14 7 11 90 44 35 91 94 34 10 31 0 67 91 23 45 88 7 65 47 22 4 44 27 93 78 58 29 39 85 72 86 3 61 14 56 27 79 47 16 49 15 52 30 31 
82 54 68 53 45 10 10 24 55 24 15 50 7 80 92 7 90 29 97 71 26 15 30 34 60 72 89 98 8 12 12 14 5 74 6 13 82 31 64 66 3 90 18 16 31 23 98 61 68 42 82 97 3 82 65 5 41 30 25 34 80 47 52 80 7 1 65 65 27 2 39 59 11 27 88 31 78 98 67 56 34 44 80 59 78 8 76 39 85 30 51 71 39 36 30 24 74 33 51 42 
56 32 6 59 78 98 53 1 71 69 41 17 96 21 88 44 83 32 57 82 45 59 76 2 85 70 32 92 96 11 12 54 63 13 41 92 64 29 19 24 66 40 11 31 73 58 63 8 17 89 5 56 7 40 5 98 54 6 64 52 96 60 42 60 61 19 8 79 99 18 35 8 10 11 78 77 50 70 27 86 66 3 15 52 44 17 45 60 21 23 87 43 6 51 16 41 38 15 57 77 
58 50 66 45 22 35 75 23 35 59 18 27 83 38 27 46 84 36 27 75 9 28 67 66 44 3 31 97 75 71 91 40 93 74 12 22 8 71 22 20 58 27 8 52 1 40 1 15 42 72 81 64 62 98 55 48 33 86 61 15 98 7 58 6 43 80 9 92 63 92 11 44 42 37 29 1 39 96 24 49 16 17 78 19 88 86 72 32 94 22 0 99 93 49 37 17 25 9 90 24 
59 17 11 5 70 43 94 39 1 47 70 56 79 30 11 14 62 22 89 92 87 77 71 1 71 50 5 6 43 56 15 41 3 5 51 95 49 43 54 26 99 42 48 3 1 38 5 3 40 54 39 23 6 81 83 67 54 97 21 78 46 46 28 7 4 31 23 62 40 70 99 99 79 7 16 91 91 91 21 70 18 77 30 9 57 98 3 32 1 94 88 60 2 29 58 36 17 5 52 19 
95 32 93 83 79 91 74 49 3 37 50 29 50 20 56 93 93 42 15 98 96 76 77 61 8 16 75 90 79 98 8 70 23 55 16 96 73 25 0 91 35 81 54 65 70 42 38 38 13 18 56 18 29 26 81 42 31 64 4 52 11 45 43 75 93 57 14 5 37 89 77 78 10 65 46 26 88 73 60 51 80 8 26 16 19 13 34 20 43 76 36 80 89 86 49 21 45 56 31 9 
78 36 93 88 27 27 11 36 37 61 63 23 63 4 76 58 45 63 53 21 79 32 20 17 86 17 49 42 90 84 21 4 64 37 30 10 20 99 43 7 96 91 36 60 25 92 58 67 25 18 9 56 96 18 3 82 98 98 46 33 73 45 40 84 42 94 59 55 29 7 61 75 53 87 52 88 57 9 39 54 50 63 97 84 58 97 28 39 29 97 83 34 11 64 80 63 42 64 37 63 
33 36 0 11 57 24 16 19 40 49 89 67 68 65 82 38 46 78 27 84 21 30 58 89 67 82 68 11 14 51 31 47 84 25 51 71 63 66 59 70 49 10 23 75 72 74 61 75 6 57 70 97 29 38 43 35 48 16 56 51 65 95 91 71 83 13 43 2 80 85 72 20 84 46 26 56 17 55 93 42 29 1 34 58 99 87 46 67 15 89 86 38 37 84 59 12 74 93 98 67 
71 91 26 43 21 64 51 53 63 86 6 47 56 81 59 95 35 81 48 29 66 37 34 8 47 56 38 55 6 14 96 16 30 44 90 34 97 68 48 31 40 14 48 0 64 3 55 12 85 43 96 16 12 27 69 27 59 77 75 94 91 73 26 66 72 70 69 30 23 95 83 18 0 79 62 58 54 25 1 43 85 83 96 88 56 24 5 81 28 39 16 35 53 47 25 29 38 58 62 25 
6 1 18 79 72 73 77 50 13 43 87 88 99 45 12 3 73 39 95 39 67 28 4 15 43 91 9 26 66 50 27 34 56 27 98 54 66 78 85 11 44 37 45 44 29 68 36 87 81 24 40 54 42 50 99 10 13 39 84 20 50 96 83 67 84 53 89 29 88 94 81 15 33 73 36 60 76 79 74 52 94 38 36 96 90 11 89 43 83 70 68 95 16 99 90 5 25 8 55 62 
29 85 55 55 91 87 14 27 41 36 34 33 2 2 19 87 70 11 95 73 45 20 59 51 57 89 53 5 91 99 26 25 6 0 40 89 96 45 52 98 0 93 53 77 77 95 52 36 5 79 47 81 95 26 0 28 77 27 30 33 45 82 11 85 48 90 63 69 69 52 19 55 14 5 51 56 30 34 42 87 25 47 69 22 89 32 25 76 15 15 68 32 80 35 94 98 56 17 75 54 
67 34 51 31 26 32 81 85 55 74 98 29 53 18 98 99 95 44 65 8 43 16 82 88 25 52 38 80 63 82 64 19 49 18 75 27 9 90 77 48 34 33 75 47 28 42 26 24 91 77 99 40 36 78 97 67 22 8 82 3 34 25 94 28 30 28 24 56 45 87 83 57 84 71 79 48 5 31 81 86 44 29 12 73 59 54 47 85 87 33 5 49 96 53 86 19 12 75 62 15 
71 86 39 99 70 65 2 12 87 92 62 64 7 84 44 76 27 57 99 70 40 12 78 49 32 20 61 26 39 39 3 58 17 33 27 97 2 73 75 60 46 22 95 26 99 79 15 2 68 60 53 57 43 22 4 51 16 23 56 64 74 1 35 16 25 76 93 54 58 53 55 50 12 62 79 7 1 8 86 36 91 85 39 48 87 82 38 76 60 92 93 55 26 60 72 76 9 84 63 66 
99 13 30 90 91 27 62 54 54 1 64 19 51 21 89 0 83 43 16 78 55 39 48 31 64 14 88 57 76 97 84 74 55 95 94 19 70 37 45 66 74 2 70 5 86 60 20 15 86 21 74 91 25 64 16 25 58 89 18 36 90 26 40 33 12 2 62 28 57 58 90 71 75 41 49 73 80 7 13 1 40 88 59 62 2 49 12 6 95 24 31 86 26 93 36 74 30 13 55 98 
72 78 60 1 66 64 93 14 64 54 60 31 97 91 62 70 25 32 7 68 26 30 25 47 50 44 61 32 63 42 9 2 72 76 93 46 81 32 23 64 90 54 92 20 62 66 75 31 78 0 60 27 43 89 8 80 81 14 99 97 70 27 69 68 89 51 63 60 88 89 2 88 96 79 69 29 3 3 4 20 23 45 71 21 16 27 86 22 41 55 67 20 37 31 11 12 53 13 62 44 
85 59 6 30 77 3 9 11 57 88 72 85 97 17 94 28 99 52 0 54 48 69 84 2 69 48 30 98 48 58 92 19 24 90 44 73 32 54 71 61 59 13 25 81 46 90 93 48 8 95 99 2 68 54 38 4 39 20 80 32 61 51 45 26 10 71 29 95 30 64 60 13 8 17 76 25 49 24 21 72 18 29 53 58 24 25 57 3 84 49 71 92 76 72 33 23 51 22 26 98 
57 50 90 52 67 9 2 45 20 84 35 9 51 78 79 70 66 2 95 64 6 41 97 43 63 85 43 12 34 84 88 21 61 25 75 27 35 15 90 80 93 21 9 16 97 87 13 59 93 6 38 27 66 44 49 56 57 58 76 90 90 89 5 57 86 83 42 73 4 87 38 65 46 1 93 69 43 53 58 41 4 12 94 99 8 30 19 82 69 59 5 49 51 83 51 29 15 98 0 51 
37 34 97 45 21 77 0 6 48 9 2 58 23 68 81 96 51 18 77 36 55 25 59 77 33 2 28 32 22 86 7 58 12 34 58 58 9 61 21 91 37 14 39 66 98 77 71 97 17 13 0 32 63 51 73 60 16 8 22 22 57 16 86 28 78 72 84 8 59 59 99 36 77 66 37 40 80 15 51 26 64 48 69 56 98 41 44 73 82 24 35 20 63 68 58 57 76 76 78 22 
90 75 57 72 98 23 88 47 31 30 63 25 5 58 93 6 42 39 80 53 74 71 95 65 54 8 78 24 23 48 75 14 91 11 62 43 69 46 22 62 3 54 75 22 81 27 41 58 90 15 7 92 74 37 4 40 29 94 46 36 77 47 56 19 14 33 96 52 92 78 9 27 67 18 63 51 51 91 4 21 62 50 35 0 60 92 84 68 96 78 87 68 97 35 29 52 14 93 87 29 
16 77 65 6 81 51 90 49 3 61 0 75 27 25 74 68 43 58 12 98 76 17 80 54 38 84 66 8 20 7 11 67 43 17 55 9 72 91 68 70 50 70 6 34 49 97 34 71 34 51 40 84 10 2 58 71 20 8 76 5 19 40 91 18 77 74 39 36 86 99 86 88 9 8 42 23 36 31 35 97 41 48 36 93 97 93 86 67 58 27 57 21 23 83 19 78 35 68 5 55 
34 16 61 88 81 35 81 41 67 57 54 54 86 27 5 81 35 11 21 59 3 6 47 24 19 80 61 79 42 46 41 85 18 78 48 6 7 55 19 96 94 10 23 42 98 77 71 26 62 71 47 87 10 15 28 97 94 27 46 53 28 72 69 71 67 24 10 59 29 47 23 13 24 65 45 12 53 99 74 12 87 29 68 97 2 19 74 49 89 72 9 62 76 3 31 52 49 97 46 21 
85 67 93 79 40 47 62 17 41 21 9 37 82 79 17 67 22 12 81 33 24 63 45 91 95 80 35 52 65 40 5 97 35 53 22 84 71 64 18 58 69 18 87 96 91 52 48 48 33 29 51 79 30 17 11 8 80 22 98 96 86 7 4 79 50 64 23 14 53 61 85 37 68 68 27 48 30 44 16 69 8 10 54 80 93 82 2 67 29 85 6 81 98 84 12 21 26 51 75 14 
94 84 53 86 84 20 83 65 14 90 17 26 83 44 23 3 27 68 10 39 15 77 30 33 35 93 83 1 29 6 8 33 41 32 87 98 13 54 32 64 19 66 16 69 7 66 20 20 23 6 85 26 37 30 8 15 28 2 26 26 48 36 49 10 79 2 67 5 52 46 28 33 78 34 69 81 10 17 20 81 92 54 8 89 56 56 45 93 73 53 12 23 5 94 22 37 48 26 88 32 
95 7 44 14 65 22 22 19 66 16 35 9 74 60 45 58 47 39 71 97 79 25 78 67 23 64 4 45 65 35 83 58 68 80 6 25 59 42 97 72 52 74 23 5 33 78 94 85 3 30 81 57 23 83 20 45 23 35 28 71 67 70 14 4 77 65 92 91 96 49 11 49 29 32 77 64 69 84 50 88 78 90 81 49 83 72 6 12 49 26 42 5 46 21 35 3 78 82 74 20 
10 2 79 78 58 54 83 41 2 1 6 1 87 5 74 93 34 73 99 36 60 35 36 68 10 60 47 86 68 21 28 17 51 54 31 72 20 50 59 41 0 20 12 92 19 32 29 91 80 22 46 81 44 72 10 95 18 45 59 27 4 23 71 8 3 81 27 87 91 27 61 23 81 98 55 80 32 33 18 12 25 98 45 76 61 16 42 62 27 65 25 67 68 62 27 79 30 89 80 79 
80 1 65 17 96 36 74 93 75 11 68 52 42 18 59 35 20 5 68 14 95 73 65 53 59 95 8 50 96 19 7 31 22 59 84 14 82 32 18 8 84 50 50 3 97 16 98 34 27 25 8 52 61 85 59 43 92 79 28 45 60 95 57 95 22 64 23 33 83 91 6 21 45 78 9 64 32 61 10 10 40 84 0 49 94 67 7 91 44 65 23 91 48 73 81 41 83 15 45 58 
0 40 59 95 45 21 83 25 0 72 29 38 18 93 91 41 2 58 84 39 24 16 40 83 22 19 72 76 29 93 1 54 65 97 70 42 42 75 66 96 63 31 10 92 10 51 74 96 6 55 79 99 49 91 2 67 98 44 86 60 60 91 60 40 32 95 93 49 75 32 54 95 58 75 37 50 42 29 19 54 65 19 99 94 47 5 78 59 45 43 40 55 76 85 79 93 3 49 13 61 
21 25 36 22 71 93 64 55 21 78 38 20 24 79 31 43 83 58 87 54 92 48 81 92 27 53 88 57 71 38 70 67 49 83 69 0 7 77 61 84 76 32 25 52 73 10 17 33 93 27 38 74 76 65 81 68 68 18 39 77 87 21 91 85 87 95 39 34 36 13 42 20 69 41 34 6 95 33 0 85 9 35 20 39 75 49 37 53 58 84 10 3 71 94 12 75 15 7 36 84 
91 11 82 73 97 68 26 2 91 47 48 32 99 64 1 79 6 6 7 92 76 25 42 34 78 51 39 4 53 2 66 5 91 96 71 63 11 23 37 94 84 27 1 1 50 46 0 93 30 64 14 90 71 39 13 64 59 30 0 25 26 37 18 51 49 21 47 65 54 37 28 58 41 27 15 64 51 68 32 57 53 93 73 94 86 69 22 4 69 64 2 85 62 39 24 87 77 25 4 86 
91 41 34 56 88 45 82 55 48 27 98 92 34 63 63 17 39 57 80 18 12 52 56 94 73 93 43 90 75 43 3 70 27 80 49 99 50 50 27 87 79 23 60 68 79 72 90 45 16 35 34 66 26 76 7 96 6 14 42 4 50 43 42 0 39 63 37 76 1 7 48 19 40 3 15 61 62 10 24 12 64 77 18 38 44 82 15 17 82 53 78 33 73 32 31 23 83 32 3 20 
68 41 85 76 4 34 45 6 23 5 88 7 70 58 58 12 31 29 87 9 90 47 31 47 96 64 26 86 81 91 46 15 33 3 50 83 79 4 21 6 2 34 3 65 70 78 31 39 68 32 6 75 37 30 44 71 12 15 39 69 27 3 95 33 65 0 54 39 15 29 65 2 37 39 57 94 69 13 66 79 94 55 14 29 92 18 11 0 95 40 91 5 85 90 26 83 18 79 81 68 
95 83 41 70 29 10 6 3 58 62 91 26 42 72 79 0 84 61 23 73 47 22 22 67 65 57 10 9 22 77 56 53 57 56 52 57 65 95 29 39 19 78 89 91 74 96 95 37 17 93 35 26 66 74 68 79 41 59 51 1 82 6 11 54 40 97 56 91 71 40 6 12 0 73 49 43 16 86 17 73 56 74 28 48 80 58 46 54 57 7 95 23 92 70 82 6 26 27 50 5 
82 89 63 76 67 14 81 11 59 94 97 93 51 16 45 44 98 19 92 86 17 11 74 69 55 50 29 81 33 73 85 70 87 22 26 91 69 42 70 49 88 58 23 10 77 89 13 18 22 19 24 66 83 35 60 82 20 97 99 92 25 59 14 30 14 21 48 59 16 3 64 44 92 20 55 63 92 62 70 18 40 28 96 61 63 12 58 69 56 3 41 54 60 5 86 68 45 78 57 13 
27 34 48 0 60 72 27 85 67 61 22 60 32 17 54 12 99 31 15 26 11 33 43 6 64 68 34 1 69 48 38 31 17 60 83 88 45 92 89 60 76 66 48 5 72 19 3 15 74 96 29 6 78 62 8 5 22 40 89 75 66 8 9 20 89 23 10 16 96 53 25 44 21 27 73 26 68 8 76 30 85 91 11 15 46 72 1 55 44 75 2 77 93 45 39 22 23 33 17 34 
72 34 96 62 66 64 34 47 35 31 75 85 58 67 99 96 1 17 18 39 34 81 13 44 70 50 19 99 25 69 91 69 34 16 59 48 59 51 49 73 80 71 60 19 18 95 55 51 82 29 72 53 42 30 35 52 90 65 58 49 54 35 30 42 26 94 16 38 18 16 87 33 25 96 72 7 91 34 61 55 24 40 16 20 4 86 76 9 23 2 0 58 30 2 31 13 58 87 17 7 
65 74 84 81 4 49 5 15 68 75 18 48 38 14 5 41 74 30 62 48 1 32 61 93 26 39 57 65 30 98 44 24 46 55 44 88 12 96 30 53 49 69 78 56 30 63 86 97 20 55 91 48 40 93 84 70 8 88 53 64 51 90 19 32 2 35 62 41 23 77 85 20 86 6 61 99 63 36 86 88 50 51 90 29 87 34 41 73 56 4 5 76 13 70 89 90 63 42 88 71 
9 24 19 82 7 18 18 86 64 26 61 96 66 94 33 23 16 21 29 28 80 48 82 88 65 10 94 40 18 2 65 60 80 73 21 72 52 59 41 94 66 90 46 48 17 67 87 71 61 19 93 70 58 20 87 97 63 65 41 58 7 83 37 90 37 1 64 8 34 71 46 79 28 81 62 34 67 98 13 4 12 42 30 71 75 47 0 11 15 73 50 6 70 12 4 75 43 86 13 67 
60 1 72 6 54 55 33 63 59 91 7 34 38 50 59 59 61 53 49 74 53 7 0 71 16 67 98 92 5 94 38 31 67 96 60 1 86 77 78 93 11 81 16 90 24 87 50 98 72 4 80 92 8 55 56 25 93 82 76 3 10 68 15 94 88 23 2 11 37 87 55 73 45 54 44 92 47 26 34 99 85 70 28 81 13 79 67 43 26 60 85 84 49 50 41 61 41 72 86 86 
44 37 50 47 83 5 98 2 11 23 8 11 28 96 31 65 16 23 3 41 69 82 19 41 87 73 92 47 3 85 21 66 63 73 77 22 83 42 2 99 85 85 81 0 26 1 57 28 48 32 10 85 13 34 82 47 99 91 35 52 80 47 40 10 5 44 0 38 97 24 50 5 0 22 76 24 50 39 54 13 4 60 54 56 14 65 83 10 17 93 67 67 80 55 43 86 26 12 79 64 
75 0 44 46 5 72 33 72 65 63 69 25 5 88 97 70 43 37 95 31 78 61 33 22 85 60 86 17 7 45 88 87 52 75 58 4 23 44 16 83 20 74 58 80 27 58 56 77 7 14 9 4 33 88 67 95 28 65 66 72 1 33 26 63 46 4 24 50 2 70 35 46 82 12 48 7 90 11 96 36 40 14 80 40 77 26 52 45 17 65 20 27 28 90 21 47 73 62 39 50 
65 37 45 61 15 17 48 63 43 88 79 56 33 53 67 72 25 31 54 14 13 88 7 91 68 33 43 83 6 33 44 54 65 27 13 96 62 88 2 63 99 47 40 97 77 83 69 89 85 43 45 19 28 94 11 85 88 8 85 27 16 91 30 52 78 25 75 59 53 16 54 51 12 20 17 61 61 11 77 45 41 72 37 70 85 6 8 66 29 47 49 94 66 10 35 81 0 11 38 2 
7 59 0 67 90 80 71 62 35 50 87 2 96 7 42 56 76 42 54 2 56 97 61 93 78 9 49 3 94 50 95 71 40 61 77 39 41 51 93 74 77 92 65 85 89 72 31 73 21 0 36 16 47 19 15 94 66 11 1 3 36 91 66 22 86 99 89 66 76 34 64 32 59 46 30 17 81 11 88 97 99 48 15 56 34 82 46 4 48 13 99 0 89 97 31 90 15 71 46 22 
92 35 19 52 36 1 22 49 44 89 99 52 18 1 72 70 21 82 38 16 91 9 62 0 55 90 85 24 55 98 53 55 8 66 76 58 75 60 45 73 91 23 13 75 75 81 29 24 58 24 1 50 37 23 77 52 22 86 50 52 4 70 35 59 66 30 19 31 92 49 9 92 8 75 41 5 27 1 51 16 59 19 72 16 36 85 61 37 59 60 87 49 51 30 40 25 28 93 96 89 
20 7 29 57 91 23 2 78 33 99 67 66 20 47 35 29 38 27 31 89 83 86 30 28 71 48 45 59 43 88 56 10 90 32 89 59 43 31 85 19 58 13 7 98 52 10 73 69 17 78 21 75 40 46 56 31 5 56 95 33 65 35 98 3 19 96 2 26 57 16 9 44 77 91 7 26 51 83 40 17 30 16 31 99 13 17 4 63 49 54 45 10 23 42 14 28 63 47 61 32 
47 26 74 32 12 47 27 88 85 42 74 47 57 52 28 18 80 68 66 7 80 2 83 42 48 40 52 83 9 78 66 21 49 28 21 39 75 59 52 31 16 10 55 73 48 36 25 89 68 73 7 52 59 38 69 88 69 53 58 45 43 29 79 54 90 46 73 47 49 49 32 73 83 68 50 23 32 33 40 23 97 45 17 17 66 4 42 40 64 48 38 27 52 63 79 55 62 79 83 91 
80 5 3 68 18 20 94 3 82 33 60 69 16 52 79 38 71 65 83 6 78 78 41 26 32 6 71 7 73 33 87 76 32 46 46 97 96 57 91 67 31 2 61 24 84 98 1 87 39 91 86 18 45 71 25 45 75 96 17 27 2 55 75 88 12 76 97 21 65 68 45 87 12 29 42 71 69 41 63 63 86 33 85 10 65 82 40 48 94 70 64 74 87 6 39 69 63 73 98 38 
32 6 42 89 74 53 47 68 26 96 81 32 48 83 63 53 34 61 25 59 82 45 0 90 62 94 82 27 28 34 17 45 97 5 87 35 7 71 19 63 77 50 86 47 4 58 72 44 47 8 2 85 27 12 68 13 24 90 6 96 12 36 80 91 63 15 52 3 93 0 50 74 74 80 39 11 34 40 11 66 64 98 67 25 82 4 54 80 68 18 11 35 7 47 86 34 10 77 7 28 
51 92 71 85 93 34 54 34 2 3 42 14 50 46 72 51 62 67 80 96 70 73 55 10 64 11 58 7 4 88 59 74 57 54 70 64 77 58 5 19 25 95 27 85 70 74 83 23 41 48 0 77 34 47 21 41 24 17 68 81 32 73 70 68 54 52 8 59 57 67 33 19 74 56 18 53 64 46 40 70 26 57 74 19 38 13 20 14 1 64 53 83 45 93 2 98 80 60 71 88 
69 6 74 59 50 24 50 89 38 94 32 64 82 82 81 99 52 15 36 15 66 14 65 36 61 58 96 66 43 4 63 31 22 26 63 81 68 32 6 57 67 41 56 18 4 80 5 29 0 65 61 46 49 38 53 5 59 3 94 53 33 92 48 96 90 35 69 22 92 5 67 6 64 85 88 79 29 38 66 97 21 94 83 77 58 42 5 3 76 72 98 53 82 0 7 31 44 83 75 19 
