44 23 69 85 35 60 8 56 43 67 6 94 27 88 34 43 89 12 15 71 17 73 41 39 89 60 52 62 45 28 
28 54 46 58 59 35 49 4 22 52 91 78 48 40 83 53 9 47 47 98 72 50 87 94 0 21 99 74 38 56 
58 80 79 83 95 43 22 30 68 77 89 26 1 73 23 53 71 44 40 65 69 54 73 30 33 22 13 18 12 38 
60 67 2 37 31 97 18 76 56 59 65 38 3 44 41 66 92 48 33 16 7 22 90 72 30 11 28 85 29 93 
52 57 0 52 26 31 39 79 11 34 1 5 38 26 77 58 6 62 55 11 80 89 87 45 46 83 85 23 28 32 
44 93 45 84 3 1 87 31 3 99 6 63 25 37 26 8 64 77 4 26 78 13 50 96 53 92 75 42 26 0 
95 0 7 99 63 79 92 25 35 85 65 56 15 49 11 58 63 66 51 80 21 17 42 15 56 30 12 45 87 50 
49 72 43 0 94 82 81 98 29 54 12 26 12 58 3 85 50 69 49 20 46 44 95 11 92 83 5 76 23 57 
8 26 53 29 44 24 16 24 93 94 31 91 16 28 39 74 32 44 35 78 87 91 40 98 83 55 14 32 35 10 
92 20 99 58 21 46 8 34 49 69 50 7 24 27 8 99 94 28 93 9 90 85 98 65 29 58 86 86 86 29 
35 19 73 90 27 16 94 87 88 42 38 9 17 57 93 33 85 23 16 90 7 10 57 33 97 78 95 61 48 90 
73 64 97 79 53 7 42 17 16 40 20 0 74 8 19 23 18 16 37 54 88 76 25 68 22 44 77 53 34 38 
59 4 5 39 43 91 23 41 88 90 51 51 37 98 23 86 47 87 52 95 83 17 11 14 34 80 69 23 13 97 
95 87 43 52 98 59 48 88 79 42 13 17 76 40 54 85 96 68 30 86 99 79 24 27 27 56 62 79 49 47 
62 63 64 28 41 95 74 15 42 87 77 45 85 12 60 93 43 94 14 67 4 62 38 28 47 71 79 28 93 16 
41 42 63 99 29 54 68 97 81 53 36 34 77 0 78 90 1 51 31 74 91 0 48 43 64 43 15 21 75 70 
3 34 0 82 58 96 77 29 77 17 59 59 56 55 43 92 97 44 83 67 61 18 85 3 9 83 48 65 41 0 
51 41 40 32 16 28 67 47 8 80 81 32 19 83 1 9 91 4 19 82 27 20 90 54 26 54 6 87 62 90 
72 88 41 77 74 94 87 12 56 45 62 44 84 69 46 41 37 15 47 98 20 8 24 9 22 67 73 6 64 87 
68 35 10 86 85 77 96 30 86 15 92 99 87 9 41 47 19 38 19 3 24 0 92 34 20 7 41 4 54 73 
79 75 51 64 45 65 14 39 53 6 14 12 84 79 84 10 82 39 87 87 62 0 94 83 45 50 45 77 41 37 
38 29 32 44 85 96 22 69 96 74 46 58 66 5 22 72 16 53 31 70 76 46 75 71 39 11 40 54 94 42 
10 66 74 32 78 50 97 4 3 88 61 33 83 93 90 60 11 74 5 87 79 98 93 42 3 91 16 63 92 5 
83 85 78 7 62 18 86 31 5 86 92 56 15 22 3 99 87 10 39 3 34 92 81 80 31 41 31 35 74 97 
52 38 71 76 2 66 74 97 44 23 10 98 31 35 23 95 26 57 39 86 73 61 33 74 28 21 60 85 59 80 
76 24 2 25 5 78 95 22 18 33 3 76 82 50 98 87 65 59 47 1 53 12 50 48 88 60 16 75 99 24 
22 83 35 15 84 12 67 47 27 87 61 20 31 48 65 55 57 95 97 30 26 54 93 13 50 22 7 90 52 74 
72 64 73 3 47 1 89 6 89 41 96 54 20 17 74 97 80 75 45 14 27 61 74 41 19 33 22 97 91 10 
92 91 82 87 45 53 30 29 24 13 27 98 28 89 16 55 71 76 90 87 58 74 54 97 62 99 2 33 22 4 
11 46 74 40 80 56 96 16 47 93 82 96 26 30 36 66 0 88 71 49 63 10 7 22 33 14 48 0 90 94 
