6 23 33 81 88 89 97 70 94 19 47 73 78 35 69 12 13 51 26 60 92 54 43 38 29 3 77 12 60 72 81 10 75 87 15 30 57 86 96 73 77 75 2 27 26 39 85 62 35 86 
17 75 18 12 59 43 48 96 78 34 74 44 26 82 96 28 8 20 68 66 60 52 35 59 86 20 74 12 9 14 37 71 86 94 16 69 89 9 41 52 46 2 44 4 41 3 91 30 3 64 
58 41 16 29 29 14 61 85 92 29 52 41 27 29 76 74 77 59 12 23 27 9 33 97 59 20 62 73 84 15 73 48 20 45 90 96 77 59 66 28 58 10 52 93 97 66 34 47 93 98 
94 46 51 0 53 49 48 5 77 24 56 83 62 95 16 65 69 7 11 71 6 46 7 26 85 64 19 63 55 23 60 4 51 85 93 46 50 98 38 48 43 45 94 38 57 62 29 67 33 81 
60 21 35 22 4 71 62 76 74 73 89 3 33 89 74 92 11 37 62 65 85 9 93 86 10 16 98 53 6 94 83 52 0 43 26 58 93 90 13 71 27 16 91 6 5 79 74 96 53 81 
43 70 81 93 20 34 65 67 82 14 59 89 80 35 72 52 44 33 48 18 30 31 45 59 12 16 38 49 4 87 86 44 44 74 63 72 22 0 42 68 36 49 66 15 60 76 87 15 53 58 
93 60 11 36 80 29 6 20 91 75 47 19 80 9 15 30 5 3 45 65 64 40 22 61 65 98 92 89 31 86 23 60 30 7 28 2 93 19 95 21 74 80 32 22 92 40 31 3 82 93 
13 86 89 67 91 68 64 81 15 94 12 33 25 37 6 90 83 21 42 23 22 20 21 9 69 4 19 91 42 33 33 9 22 72 15 21 90 28 95 12 62 87 72 7 42 25 56 90 88 29 
40 83 20 23 83 96 92 49 37 78 85 29 69 66 92 67 58 85 63 88 46 7 47 23 74 33 65 84 34 95 56 17 33 70 30 57 62 81 71 54 57 58 69 47 77 64 76 88 10 40 
79 16 66 27 62 53 45 80 88 36 88 18 9 48 49 28 3 28 11 71 56 91 45 67 91 56 90 51 65 72 95 26 31 26 40 43 79 90 45 98 95 72 9 23 12 67 43 67 48 42 
29 96 62 61 43 49 56 20 40 13 87 83 73 72 71 25 61 10 20 64 13 65 51 5 49 22 76 51 30 19 32 5 27 12 19 66 79 88 47 80 88 87 71 65 41 18 29 25 3 79 
91 8 71 67 26 86 42 48 71 38 92 3 53 41 48 3 94 29 12 21 44 16 79 8 51 18 30 35 27 35 21 31 6 67 86 51 1 48 7 68 50 6 68 30 94 82 9 82 54 75 
75 16 52 12 64 60 1 3 21 67 59 61 46 2 97 9 39 23 74 87 49 3 57 49 12 82 9 37 41 73 73 47 20 96 9 20 26 39 71 86 57 11 20 61 81 19 63 18 80 30 
30 18 19 3 75 18 66 58 17 63 55 51 48 66 30 51 80 23 85 44 81 10 33 87 89 71 62 24 3 52 17 26 20 70 80 58 12 2 99 43 48 43 70 73 72 67 68 20 88 70 
7 29 7 55 77 66 81 95 32 27 82 66 18 96 13 34 4 60 10 6 77 73 31 8 4 19 75 87 81 66 3 97 8 27 51 79 2 30 89 12 2 63 96 0 73 59 96 20 23 78 
67 52 13 81 76 65 13 66 44 16 3 5 9 8 24 21 25 58 5 52 21 65 84 79 78 35 98 20 95 12 76 29 39 20 5 92 73 32 65 44 41 75 33 45 45 57 29 18 59 26 
44 27 33 72 92 72 64 59 27 23 81 74 35 38 16 34 24 99 23 41 77 73 19 72 17 92 14 30 53 44 64 61 3 54 47 22 16 31 48 0 31 98 91 50 58 51 65 9 62 16 
9 12 3 83 97 6 54 53 92 26 42 37 66 33 93 11 53 62 66 27 79 14 68 8 92 97 66 68 44 57 24 92 27 2 83 2 95 94 68 46 3 54 32 65 44 8 87 56 93 5 
84 66 79 53 70 50 19 93 23 98 82 32 56 7 9 57 61 32 7 32 65 13 15 87 69 25 86 31 4 4 30 56 95 46 16 58 35 71 50 44 50 31 34 53 12 1 55 32 77 46 
9 6 87 9 8 10 6 98 77 91 92 21 47 0 16 85 5 26 15 16 57 63 97 91 99 64 95 15 63 53 70 48 43 1 39 77 65 67 4 13 13 72 90 74 54 29 8 56 87 45 
75 73 92 61 12 24 10 95 24 25 12 10 99 31 21 26 14 75 34 6 43 23 90 11 96 8 81 75 36 0 80 65 88 0 40 38 10 89 83 75 37 27 68 76 74 18 17 67 47 51 
34 91 6 46 11 83 15 4 98 46 15 33 58 35 25 78 31 10 78 92 71 24 94 15 84 51 26 13 98 15 10 57 35 16 59 55 53 34 2 90 51 69 12 45 63 54 24 40 74 11 
3 18 27 56 69 95 89 84 65 67 24 81 21 80 34 20 62 8 94 46 37 13 6 88 81 66 3 63 27 17 85 24 91 48 21 86 70 52 6 28 62 36 53 2 24 96 21 37 70 84 
6 33 51 93 78 37 42 61 71 58 90 16 59 79 33 81 64 86 22 3 79 89 78 2 65 19 11 84 52 41 25 98 75 20 31 72 40 16 56 29 62 9 43 75 94 50 40 28 89 49 
80 36 15 91 66 8 2 99 20 86 58 81 75 16 27 96 20 91 59 98 74 47 84 68 37 13 32 51 29 31 79 87 82 41 58 38 77 31 21 73 2 16 87 28 3 48 92 94 62 0 
69 62 63 26 48 2 33 45 69 58 96 14 17 66 69 79 73 1 28 9 91 56 4 79 45 58 33 54 8 13 96 89 16 1 3 64 43 12 87 13 72 52 68 53 37 96 46 97 78 62 
24 74 80 50 86 34 9 39 94 23 64 53 9 4 11 44 28 33 56 93 41 86 86 89 13 1 59 22 99 89 15 51 69 7 28 26 19 20 44 51 35 31 70 23 94 87 36 34 67 53 
32 35 72 93 24 99 29 69 57 12 41 72 15 50 30 11 29 50 7 89 10 34 6 3 2 95 9 59 8 74 61 41 57 82 79 92 10 98 87 57 47 31 41 83 21 56 46 77 54 92 
70 40 87 60 29 57 51 16 80 35 17 76 43 27 46 46 20 21 46 92 80 14 53 54 34 87 51 16 98 92 3 31 34 65 31 56 32 49 31 13 27 94 18 79 63 73 98 30 25 14 
13 24 15 94 12 30 46 38 75 84 84 85 54 86 33 53 11 33 93 47 85 83 26 42 22 9 21 17 92 9 2 19 58 72 4 83 53 80 61 62 26 89 95 63 64 49 35 52 97 3 
89 44 36 34 33 96 9 53 79 20 28 15 9 11 64 71 6 15 74 88 81 18 80 77 14 80 91 80 52 80 71 53 84 79 78 49 91 10 99 16 11 98 13 72 86 31 14 77 1 47 
47 91 57 89 92 54 6 13 7 70 31 35 52 48 62 99 38 98 44 50 8 90 44 34 73 39 28 87 57 28 29 58 1 72 50 74 74 58 23 53 75 6 38 64 89 11 7 42 27 17 
37 81 48 73 15 63 64 85 11 77 34 92 99 16 44 41 93 78 44 94 61 99 11 98 58 52 24 60 1 17 53 28 4 64 7 47 17 30 76 63 95 71 17 57 89 98 77 50 34 39 
17 29 30 79 67 93 33 51 63 91 37 86 24 65 46 56 7 7 36 71 43 1 55 97 62 58 90 27 78 36 14 90 7 66 88 65 55 56 5 65 12 72 45 2 15 51 94 38 11 25 
19 33 44 33 53 42 5 13 21 40 25 75 43 97 24 25 32 6 76 3 97 83 90 38 79 6 11 60 88 83 95 29 10 82 65 70 71 70 92 95 74 18 45 29 38 39 5 25 77 76 
67 68 13 48 1 34 99 58 42 86 59 43 47 41 33 63 34 93 54 98 34 81 34 81 92 38 35 48 4 66 91 64 34 79 71 94 97 22 70 61 54 80 60 42 6 37 1 60 47 66 
8 29 84 48 24 24 13 48 28 80 92 49 30 97 66 32 45 80 77 94 62 88 83 94 50 42 34 80 29 40 54 6 33 32 80 79 18 13 79 43 72 79 79 61 28 69 7 90 2 70 
11 98 21 54 43 43 48 46 47 20 60 40 91 70 68 61 86 82 17 47 36 17 61 65 50 8 41 46 4 56 37 66 18 84 63 19 51 27 80 87 65 98 1 9 2 55 29 48 26 75 
95 22 17 79 31 45 78 60 77 54 50 86 95 79 98 81 69 14 99 23 11 59 31 73 38 45 38 82 86 18 11 59 0 60 35 56 22 77 31 81 80 12 77 62 74 9 54 26 81 63 
80 91 61 96 56 82 65 87 61 88 23 33 38 92 92 39 4 21 72 22 26 78 33 17 28 73 32 38 7 24 63 8 60 21 96 93 6 48 55 25 55 40 55 6 69 99 98 71 59 92 
70 92 39 17 71 5 94 6 33 34 67 55 92 78 37 15 1 71 21 20 8 18 66 5 94 44 9 14 73 27 72 42 19 61 76 89 10 90 54 97 68 97 29 35 28 86 55 71 60 36 
18 32 29 43 21 26 50 27 33 20 43 49 27 58 46 74 85 1 2 19 6 49 28 3 71 76 25 29 31 45 87 59 9 69 97 24 87 15 25 19 90 8 74 5 0 72 82 38 54 23 
21 9 66 62 7 9 59 8 57 83 20 36 72 36 5 73 94 43 84 67 0 12 26 9 64 24 20 11 46 47 27 27 62 50 30 42 46 58 99 28 65 65 0 50 39 59 50 51 18 60 
88 5 27 16 18 6 16 16 61 50 11 48 22 74 55 7 40 73 78 85 37 10 98 19 14 7 98 90 75 25 67 29 55 77 26 7 58 59 23 56 65 77 10 30 61 74 62 90 16 75 
19 18 3 78 69 4 21 27 95 29 34 33 53 88 18 94 52 43 96 78 85 46 38 58 12 32 16 19 53 99 11 27 67 47 73 73 85 22 0 20 68 69 47 11 13 91 28 64 24 13 
10 92 99 37 46 15 58 16 69 21 92 4 80 52 31 37 39 5 79 54 28 14 84 30 18 20 83 6 41 35 27 10 41 31 26 84 77 6 91 54 46 46 84 2 31 92 50 93 74 36 
47 11 6 62 42 61 6 35 54 20 21 2 61 36 78 24 94 87 82 69 49 11 68 32 89 65 21 10 70 32 41 60 23 14 35 40 22 18 75 66 53 83 39 42 21 2 46 56 11 18 
94 28 69 1 33 99 32 95 72 17 90 31 53 12 57 59 75 65 31 34 77 97 46 55 75 67 74 49 3 40 59 21 59 45 22 86 89 4 65 74 27 27 43 93 37 13 76 60 82 82 
37 30 24 49 10 10 22 89 36 80 24 93 72 33 75 44 38 80 24 79 85 86 1 2 90 40 85 72 31 87 79 85 32 25 91 57 78 40 64 64 98 2 85 5 70 27 16 27 28 23 
60 43 9 39 51 84 84 19 36 84 82 54 4 62 51 64 56 77 54 12 63 20 26 55 50 15 7 78 55 69 89 37 17 92 80 39 41 73 65 50 30 25 5 83 99 38 75 4 72 22 
