18656 28274 19033 25443 25424 31552 29787 21512 22408 34605 
18551 31129 17893 26393 24621 27875 24107 20262 22568 28901 
19957 24376 15545 23766 24757 19659 21064 16607 16729 26293 
12527 23658 15656 18782 17259 22733 19834 16775 17967 23698 
12019 12222 10031 17051 15117 15421 13184 11467 11427 17416 
10307 25196 17238 21099 16266 22200 19281 23733 19350 24685 
24504 35192 24736 36569 32386 29139 27062 29782 26635 36562 
13013 19697 16170 23870 17718 19144 19335 17105 17552 26936 
14748 22492 12835 21100 19034 26547 22419 14898 17685 26619 
12586 29246 17813 29776 19569 28796 23336 22809 23562 33007 
