131348 117555 133948 107013 118167 110250 94736 119665 134816 112548 110570 105247 116357 117372 109043 103669 99741 113406 103150 114747 114679 114622 118018 134753 114394 110558 112055 109987 123381 97940 121767 110902 98297 119656 101086 112569 134191 127960 109471 122712 113688 117457 153233 125294 112543 123399 134606 130097 120034 129511 
122906 110003 130751 111916 117130 117056 98294 119434 123101 103831 108368 116149 118091 113309 84054 119748 103937 119056 106665 130627 127553 116759 116403 121897 116122 112098 109923 106007 117496 113339 116148 108817 100533 117793 116252 116989 125456 117019 112879 124807 114187 109897 144937 125689 130458 127666 131242 121703 126332 116145 
128239 121756 144870 115723 120610 113902 117439 126697 146884 114018 110618 119214 122222 103248 103517 100237 112716 124589 111415 135040 119231 126991 125087 134612 118331 107568 121169 123016 122607 112487 116847 110976 94200 126999 123628 107927 134145 118663 120323 135865 110490 125201 152636 124172 131477 134482 127688 113321 139728 124980 
134774 117777 140194 113300 120589 109553 111196 122562 145306 124358 117512 110256 125936 103720 102058 105154 116249 120986 112092 134292 122289 120823 123246 128589 122163 121181 113220 113506 112427 108626 120317 109402 88372 124163 114308 124031 130797 120172 120775 121678 113595 118328 152438 124873 131472 130499 127244 114977 125613 130785 
129943 120788 134870 120464 127346 113726 113681 124620 147056 117141 114928 111706 127655 108892 107792 121232 118414 127287 124359 132932 120359 120657 128155 122104 124844 121455 113993 121714 125934 112292 103513 120060 99960 127892 126980 119011 144746 138140 124071 123236 121700 120261 160688 123349 133733 133910 134889 123666 130926 136091 
143844 134290 152628 119014 133306 114275 121213 139800 155367 128421 119063 132369 136924 118801 103668 124123 121900 139093 132364 152565 138887 135961 141965 150633 137398 136362 127548 125187 140545 120291 128263 129849 102394 131366 132124 137294 139894 140508 126243 147228 132559 128697 175652 138994 143039 137081 149363 134913 147121 138284 
127372 94091 117892 100600 108559 96684 87710 102478 120051 111921 104433 108726 112949 104849 93863 111909 97453 107933 103218 117758 116650 114329 120298 119763 100680 105361 103142 106719 107139 97567 112968 108501 90134 112288 100373 107166 122040 114417 111895 115523 107414 104422 128926 113984 117175 123285 114471 109545 110549 114919 
145602 127829 148701 119806 136322 136415 110682 130054 141412 116746 125222 119916 132417 137427 105294 119844 118122 128356 125790 136227 134595 131501 128800 131640 128019 123283 120940 121737 124464 120466 118797 125394 105286 128935 117535 123981 156299 136905 127956 131090 122737 131812 165569 137166 130952 131965 144161 135224 138142 126521 
118643 100756 126307 97174 111155 111673 98400 112237 123660 97452 84241 102574 111635 107358 87901 112440 105545 103806 96488 113804 99978 97873 126066 125969 113373 101034 103165 110759 118605 104378 98210 109370 76728 103803 110572 107707 128463 117368 115453 124792 110194 108015 135340 127334 112998 116854 125472 109848 117138 106000 
135760 124905 153814 130448 126007 120964 118487 131980 146582 128195 123378 121375 130855 119270 116461 119582 109340 133212 122998 142817 120664 125301 135906 141678 126280 118086 124470 130012 135370 117000 130479 126995 108156 135474 126883 122232 143769 131385 122054 136540 120341 136187 162780 132204 147487 146958 141736 119755 139224 125363 
160338 138227 160755 126230 148299 112493 119587 140124 153879 134097 130777 119131 140121 115592 122920 125355 124159 156536 129869 162383 133529 138321 147445 147943 132549 124194 136280 133864 142191 128695 131738 132121 102137 132514 127310 142309 139186 140751 129433 147199 130062 138917 182119 136855 141131 157443 144687 129105 147102 155897 
147488 127227 143419 117146 132590 129504 121393 119444 155142 125622 120325 120110 138309 112815 118413 123540 126416 132038 118915 144971 121580 132812 132274 143154 127932 126334 123129 131466 127415 122023 118300 125161 101088 141465 122978 134545 142865 131845 124372 139520 123114 134531 174508 134113 130386 131189 135185 132228 140338 146991 
135492 121732 125610 111265 126951 99542 94999 116908 142089 113661 105173 117408 115882 104670 94887 108797 99472 112441 99989 126667 111555 108016 125537 121850 117834 119570 109974 115846 107392 92821 108908 101000 90912 119473 122096 109219 134280 129253 103119 120259 119309 111642 147761 123095 125379 121732 123576 117886 123028 120035 
119200 122564 125509 100198 118381 99449 94756 109882 122622 101661 101746 106599 106753 99870 95963 105080 99600 122585 109189 135176 115148 106151 112794 105853 102877 108362 106963 116615 107063 99025 103994 102918 84732 110817 103466 116065 124694 112547 97556 102594 102972 119230 142426 115036 122303 115051 111843 105830 128558 115646 
116181 112159 111283 111118 113304 105755 86073 107415 120915 101418 100947 104119 112409 99480 87515 114071 93468 112451 93882 121311 120026 111570 115591 115162 108305 102090 109642 100089 108431 94516 106733 108721 102703 117907 109564 107216 131056 119514 115126 112859 119229 101054 143351 119396 107572 117910 127995 121985 116998 115349 
109114 103979 108112 90291 104077 101433 92188 90847 124628 102470 79450 91804 102285 89741 84288 84126 106784 100720 87232 111978 89391 90477 111473 116954 96446 94164 99268 95176 102234 96463 95035 93523 67939 91364 96642 106737 102791 99729 92282 94089 97589 101759 135496 97873 102387 107587 107787 92424 107829 102817 
140193 133851 158417 126754 133984 121231 121316 133451 147909 125920 118489 120204 133040 121923 115770 120050 108784 127612 125604 140624 124831 123085 134921 135716 146628 122270 122100 127272 138152 111801 124395 122071 104071 137766 133779 126144 150881 134230 129591 141320 121450 132958 175941 133589 146480 142611 147603 131370 142711 132894 
139679 141331 147916 113491 134644 121765 119060 122314 150943 123225 118977 111783 136378 130533 107967 117565 128785 131125 122301 136782 124513 113800 134748 136817 123866 124169 127827 127480 131122 109556 127796 132629 94995 129519 123311 138721 145298 134526 124638 116536 126631 133169 169686 133410 137284 128178 145551 125383 146502 138681 
128509 116192 138573 106824 108793 114078 104605 118473 131297 113884 106156 115769 111125 112141 95887 92260 110367 109312 105490 124661 117347 106889 115624 121242 113377 97682 99891 113743 116571 103403 112155 100630 84550 106317 110557 115540 133926 115107 123821 115874 112068 122100 147671 123814 119089 124517 119477 116099 122782 100388 
137849 115689 142748 106978 122168 105280 97581 119382 123029 109865 103600 107270 117959 109398 101460 106415 104139 123458 109338 135394 115154 108807 127273 113235 112958 97025 111589 123932 120831 100000 108343 115209 93599 121596 116429 113045 139359 125038 118033 115275 116183 117568 143943 131188 127730 131056 133428 110526 128710 112923 
132384 137290 145274 123746 126910 124130 116431 140494 146250 122060 113095 116892 127877 117611 114513 120567 121009 130273 122013 141047 121115 112019 137228 137487 119460 123697 126629 138713 148768 117819 114181 121347 103246 120814 136859 132585 141664 133748 133903 140927 128980 142951 164749 137359 141339 136332 138319 120081 151141 120193 
141015 116589 134640 110887 122528 113939 111495 124495 134615 117118 115313 126597 121369 106143 106619 109414 107409 120780 106202 139607 115511 117584 125973 131542 113270 116715 116518 124935 113957 99386 115426 117819 100295 126426 112232 120279 134362 120862 112738 123727 116747 120712 159191 134988 125808 126472 134553 126489 130497 119958 
104681 110298 114145 87071 113032 93117 97645 109868 122204 100490 101863 105867 105864 98211 100530 95081 99904 106094 97259 115039 100247 94243 100440 108473 97996 101482 107102 114760 113288 84365 99798 103712 81015 110566 108670 105199 126486 112293 103577 110384 105568 120488 138002 112447 115525 99931 115465 102089 113132 105037 
146475 121473 152011 129584 125412 116294 116300 128991 134675 124158 117660 122883 129821 117671 104604 114283 117523 136818 120950 139383 125633 115758 130023 126032 137349 114658 117476 126337 127552 106119 125345 124423 100989 126280 123423 123986 136379 125225 122708 145081 120094 125367 167557 136346 135443 136140 140431 126375 134739 126883 
121069 117413 136911 102190 113564 106229 96515 121279 137870 108083 105521 111183 120942 106517 106495 97690 100477 117372 102963 118578 106701 112104 120474 120890 117557 106352 102367 116481 125141 103055 107937 105250 88468 113331 110401 112366 123705 129045 110381 116454 113956 108884 150075 131262 123444 111967 127230 115919 116073 125921 
132633 124749 147264 107344 122116 122996 105229 119647 138600 116742 111321 112256 122439 114086 112425 100670 107908 125781 112083 134447 121044 116257 126083 126733 121893 111179 115276 123375 125263 107579 125623 105382 90404 132330 110919 126018 137782 121917 120332 121621 109833 130027 148011 126310 133419 131059 129064 122456 125360 125804 
134568 134203 144370 122514 139171 117545 112765 137951 145880 114758 124351 121986 130815 128678 117468 131113 122047 147937 121875 159767 138092 131035 136205 133918 124886 129248 118430 125495 137619 117753 121355 127717 109649 130630 125309 131781 150362 143191 134394 131727 130655 126675 168701 146793 145337 141373 140535 141331 153477 143289 
147096 115929 136370 109809 120784 104378 113498 107019 140317 119392 108437 111855 125691 97352 106434 99096 110678 122722 113644 139560 113556 112610 137863 135064 114463 115037 117366 122194 110503 108352 102073 102363 87494 123776 115575 118512 132329 117748 130174 131035 115061 120067 148514 118019 116922 134617 124129 120111 124058 120398 
139216 120477 124504 112126 123368 110975 104810 109677 136447 114942 118400 113387 126704 105723 107129 105653 124954 126429 106665 131779 124883 123791 120300 124036 120993 110151 116980 109800 117952 109190 112954 110330 105871 121439 113935 119097 135742 117942 130455 129853 118840 118106 147366 134476 108118 120831 125349 129852 125095 131058 
140541 146043 161145 128782 130444 129814 132049 136120 155598 123652 132319 131261 133980 134863 119545 117508 130540 142798 125562 152677 140713 129205 135255 126652 124245 128835 129191 144056 144165 118308 135045 128693 121409 132289 131159 136645 154334 138685 123391 135785 122854 139264 171134 140868 150917 146189 150104 140691 156548 137664 
155086 128866 152535 126334 131106 105767 102256 115408 141601 127491 132689 114112 125174 119541 109859 118415 115997 116710 111520 147000 126313 121210 125582 134421 114775 120289 116520 122485 124310 114054 122738 123161 103477 146022 123446 135251 146492 132696 132305 134500 125169 132162 162070 134427 132710 135529 127877 131981 131635 135007 
138295 126003 140127 107568 122140 112685 101856 115048 144195 119129 109426 108504 126257 115472 103740 116547 122184 121290 108442 145268 123589 117917 131421 134603 115267 121884 111556 122387 123429 110135 105974 115871 94266 123757 122288 129934 128627 129252 115178 123395 122664 122779 162089 127227 135492 132967 134208 121092 129677 133553 
129537 124565 131412 118626 125951 122975 120097 120887 141064 112786 123828 121105 121001 112562 111043 116626 117278 125875 117340 145109 124885 114506 128922 131778 125299 106063 125242 128044 119120 104076 117908 117095 103408 125973 117997 120833 143961 118760 127713 127412 110564 127454 154092 129221 126798 133880 130922 130023 145232 127245 
128860 118126 139686 106063 115856 101072 105635 124529 123337 108366 117343 115104 115127 112408 103879 107954 95577 113905 106927 124041 112559 114926 122712 117693 109873 104954 100340 119490 108854 96558 107675 111250 98253 126549 116929 104210 127316 120067 115831 117519 109097 113036 143773 125570 133134 119861 133810 117926 123456 116307 
128388 122372 132898 110162 127536 120432 94456 109782 123334 103664 107383 99113 111587 123293 106247 123408 107172 116078 111904 129393 125027 109655 117728 125410 115131 108613 115628 109525 111293 105734 107020 115505 85416 130205 123394 115611 143340 113574 125746 124971 106867 126346 140847 125779 134655 130342 132640 127988 122708 114998 
113378 116817 125043 110278 116949 120577 98102 117940 139304 105525 98402 106126 111649 92474 96989 109318 101124 116431 107479 126285 111493 117726 118105 119364 110797 106629 104834 109800 124584 115875 98708 101268 86615 111564 113382 111147 111377 124146 98784 122590 105422 110514 152116 109322 123173 124605 123600 111898 122583 125760 
141832 138733 152746 116579 137384 105461 115256 133092 158992 120939 124969 113696 129574 124025 109952 113677 117527 138115 124663 151447 137907 125977 141512 117902 124327 126520 124179 133142 137256 117295 120667 121721 105696 119596 131563 134414 145293 146828 124552 128941 127169 134843 165442 120640 146909 142937 141627 125646 146151 128129 
133791 118078 143696 118375 125813 115873 104782 128067 153064 111341 118400 103778 124444 116826 101342 104854 103931 125247 119523 132330 119691 112334 137914 134904 124333 121375 119358 118500 125155 109318 114393 115369 86684 121894 118300 119756 133622 132770 122781 131166 112758 127163 154016 127051 129561 134032 129994 120186 134222 123930 
103591 113626 108503 96018 104026 99633 89756 101045 115156 91605 100959 88462 98742 93080 82036 94642 92824 103349 90771 118492 109633 104703 104431 99212 94506 101881 94044 92808 88721 86959 85981 89269 88950 103601 99069 99691 114900 104067 104877 98305 94071 102216 127425 92469 112134 111946 109167 104937 100995 101543 
143478 127715 153988 118439 125894 122010 119010 127729 154513 117045 118042 115581 127476 129867 109249 120083 125948 135073 114198 143191 138644 125882 149019 143139 126547 114727 130775 131903 122730 114012 127462 128518 102897 132439 126128 129320 156940 132075 137278 141448 123045 133238 152320 144193 146010 150310 146703 138740 146625 124362 
141165 117183 141105 124400 121438 108166 105818 117743 150762 124266 113915 115918 127155 104506 97180 109600 111141 121647 110416 138781 120835 122146 134965 124810 122462 130667 113449 125186 121344 112647 119348 119346 95927 129769 122907 119032 124394 135496 115498 128245 119253 122189 161392 122640 138173 131813 123836 120948 137018 130067 
142154 124005 136239 115792 132247 118668 99819 130962 138213 119364 117770 118541 125780 119825 112667 117789 119702 136010 115321 134801 127601 123348 119880 130658 112947 114899 112927 124962 120833 116502 118338 118073 98096 127110 122553 122829 152653 128516 131093 120155 125107 123405 150703 139514 141061 136869 132021 137271 130255 123403 
126050 118775 124561 113309 116740 106913 107053 107711 136278 115824 109211 113505 115031 92041 106928 114377 115984 116228 111444 132232 117883 102005 115636 119807 112337 106492 115814 118991 114713 101087 112530 107243 94820 116524 116909 117314 130034 120314 102013 113569 109931 123970 147853 119558 119732 129837 125647 112987 121933 120251 
123651 111451 117852 103329 117897 106189 102953 111040 132289 110485 103943 103825 103473 98175 102789 104290 112304 108320 97184 117588 117017 110899 113556 119453 109503 103373 112005 107590 106485 100659 101567 97590 85796 110666 114811 101794 139694 110551 110052 123423 107625 109207 139306 114668 105527 121300 122844 117739 119214 113102 
138412 117461 135627 106627 113906 106376 111603 108571 139612 102942 111501 118133 122401 95175 102268 105681 104868 121966 118604 126929 116558 118509 128867 118869 119424 99663 118270 123920 109792 109574 105008 108288 90071 125032 114696 105928 129223 116696 124547 131217 103939 115262 145455 127040 128288 130976 125393 113989 130704 125597 
126580 129990 130207 104689 124310 106935 100198 113999 133931 99501 111142 108480 115972 112509 110262 107157 108744 122118 106312 134487 115015 116941 122203 127043 112361 104962 105213 114841 114668 104199 100281 106055 87731 121029 113092 111381 126551 125392 120205 118437 105028 109890 149729 128802 119433 123620 123101 121586 127490 137097 
144774 133570 135262 121191 131538 119620 110688 127986 150221 126459 121724 113116 128550 107721 114769 119527 127013 137992 124903 147086 130635 120430 140168 136798 128290 124124 118614 123652 128554 121638 115254 119399 93028 132137 124385 133280 138263 132324 129444 127008 123034 118429 159919 131234 135043 139076 140869 134716 138749 138651 
140372 137855 145127 119544 131500 126305 120184 130667 145180 128983 114210 124142 122601 115361 119223 115183 131964 142013 124412 151280 133497 121521 132694 134531 133878 118920 124979 127214 140020 117667 127607 119077 98749 130346 132770 137786 144604 132699 139422 139975 128466 142638 167295 148878 134924 134644 147535 128379 153291 122734 
93765 101633 105802 97478 99224 97226 94445 106224 118333 80031 99452 98761 98545 93452 78291 90356 82710 102352 95186 111771 98376 98100 102313 96386 84035 95358 99320 106369 90868 80694 84363 100132 81837 97131 89628 88656 107785 101030 95636 96862 89707 89379 119727 100096 110877 102236 106977 106634 110908 105335 
140345 121605 148536 115911 132158 123267 117636 122316 149642 121641 117002 119573 131586 109482 117484 129075 128683 131939 119903 148111 136293 132368 129882 139246 124198 116561 120819 123741 132848 126969 118802 122039 97611 138693 131799 134632 147623 130165 136854 136832 126343 138551 161378 132115 139539 141862 132987 131825 141540 136189 
