64851 69303 61402 66588 70116 73483 76067 64826 65822 64117 69355 65295 80316 54913 67964 74671 73638 69061 78102 58695 60015 81271 78599 64979 69495 78430 78519 77006 72216 72458 
56727 66945 44715 59121 74100 65428 73735 59049 60846 58013 56508 63694 68589 50677 60093 59294 65710 56558 66176 56035 46278 61308 65872 61110 63856 66378 72971 63233 69276 55944 
75075 78422 67249 78140 96328 81311 90173 84733 86054 71625 86513 81289 88120 66185 90929 78340 86905 82449 75114 66540 69839 92588 80833 87557 74412 93651 100590 87949 81108 78002 
68047 82602 60121 77082 92289 73291 79472 77356 75047 64190 66004 70298 77375 59582 72948 76671 72056 70352 76221 60492 65147 76829 85260 74010 70573 84501 83030 78308 81224 70652 
69810 74909 61780 83915 84171 63214 74700 71033 73466 52893 68690 72885 84197 55914 82110 70747 69590 65977 75866 60535 66756 84715 70881 80169 73740 75833 90928 74880 77438 68169 
83165 96892 78906 101773 100576 87018 103853 88169 90376 81810 85484 84054 104800 83721 89006 88298 89503 86847 93571 78316 79129 108678 97888 95548 91882 91604 111895 102235 102185 81670 
53901 61100 50464 50306 68947 57059 63480 54068 53378 49032 62611 52505 67827 47703 60181 63671 51292 51926 59714 44427 61577 69183 55619 56565 56239 63244 73016 68168 50685 67928 
54541 53778 44365 57254 68776 66134 66277 58215 60574 50667 55044 56755 64973 46582 57010 66868 65108 59744 66188 51624 54477 68836 65784 53903 55928 69036 65564 68202 57165 61814 
62811 81558 61248 84553 87643 71506 81777 79424 85897 67382 68890 72110 85778 75350 74267 79323 72767 80665 88434 70852 65022 85760 91397 76159 85326 80780 92461 83196 85854 70326 
74250 79047 62092 83526 89038 73920 82792 79795 86220 62187 72098 78016 90380 67742 84508 73690 74309 70810 77786 69543 65702 87653 80464 88565 74692 78851 95904 75209 83371 67639 
57605 69899 65127 69787 64368 61045 81235 55533 63192 52948 70202 65591 84335 56074 62045 73505 68885 64329 72548 53415 59896 80452 67686 60740 67237 67821 82675 71352 67833 65889 
56151 60480 51504 63582 60578 54544 58940 60944 60468 45575 59122 52233 63678 47333 57591 56752 55971 63461 63725 45871 48172 55278 67519 56944 62505 61053 72854 52781 66997 54016 
72036 72520 59764 76261 82740 75558 88500 75225 74234 68047 80492 81150 84665 60351 81374 72007 83246 71604 75494 69724 62889 76370 81388 77202 64854 76498 90428 83406 78320 73063 
61109 53031 45750 57098 78009 61222 69318 57829 59604 50394 54378 57862 64340 49914 70248 56993 65522 53197 56425 55050 54430 69127 55418 68541 49119 68477 75383 66912 59576 60613 
78418 70492 66876 92696 89138 85381 93299 72663 87105 71883 87232 85928 93997 71009 94198 83433 89009 81895 81706 69952 72234 102673 87051 82222 75393 88742 100492 89461 82214 81775 
69482 72378 59069 73957 85127 73428 86025 69522 70723 63180 79375 72768 89123 61160 76597 75239 78613 79737 81312 61512 69114 80119 75047 77363 67872 77392 87349 83349 82136 70176 
63364 65007 51035 74876 71350 59771 72432 60994 62296 55518 67029 61354 69262 52004 64806 63731 61122 54883 62967 59620 60970 66419 65076 66257 60587 62990 82640 75768 68550 64231 
48240 44416 46680 57891 56196 48442 59746 52861 53321 43524 52683 51762 63412 42035 55876 50921 48099 45714 52907 49419 49737 55077 54082 61997 47152 52504 65831 55672 49145 47649 
55925 70509 54634 66798 70872 60918 66600 53946 60582 54438 60063 63131 69197 48593 62316 61462 74847 59323 71046 60543 50269 79138 59579 60816 64244 66701 75660 72151 70658 64685 
63851 65956 55299 72106 71720 68291 76125 68064 70835 59270 74163 66782 71621 55746 71501 63016 68800 67855 68325 60774 52968 68973 72608 63662 63205 69896 83840 68846 66281 64728 
66011 78259 60498 85348 75942 67739 90655 71616 79138 64045 84522 82195 88144 67945 75575 72119 74360 72907 75935 65314 60774 82531 78473 75094 61911 66042 89991 82896 80062 67936 
68700 63732 62821 78808 78636 72969 92000 72958 74744 61373 86120 74355 91591 70196 86574 74489 76827 78181 70251 65880 60979 79477 81445 80910 66167 80042 93418 80100 69175 70135 
59595 60393 40487 61618 62903 60602 67058 51389 49891 45197 54657 49945 65330 48621 57586 55917 56986 52153 57024 49382 46538 64304 54066 60677 58734 54974 73202 64568 59265 53140 
72460 71635 60597 74735 77273 76000 89757 67818 76561 67657 66779 74311 80549 51992 71226 74142 90235 62983 76217 69481 57709 87462 68778 71695 70259 84075 86858 76040 73997 75316 
74723 81838 60635 89099 88978 80245 86157 80167 72976 74423 70249 72019 83611 57749 76986 76966 85449 72833 90195 72892 68671 89367 80778 75755 76480 79023 85776 90624 86267 77864 
73533 74235 59853 74028 84080 71643 84011 69561 71910 62333 67755 75969 88392 66626 79662 81313 75823 71286 86813 68192 67541 78476 77513 72203 78012 69217 91986 84724 72986 76278 
68385 76432 72348 82207 82597 73388 83160 74797 69992 61329 78620 65328 81737 63949 80857 69132 79363 85046 74370 65605 63671 84354 81991 72749 73467 86796 95797 81421 72935 73672 
75396 76822 57709 77123 92542 81243 91075 74003 76038 70006 75364 79196 93704 70868 86560 75005 79144 71714 80422 71230 65281 90699 78689 81319 76868 78466 95469 92425 81918 73937 
63245 69257 59225 64103 74166 64248 77352 68003 60980 59457 61865 63970 72483 49571 65503 56990 60905 59962 66147 56132 54335 65114 63005 61548 67548 62426 81081 68338 63967 58478 
64374 68227 57382 77846 71802 71551 80556 60105 59280 60636 66479 64356 70395 50506 65175 59675 72760 66891 65318 67489 58152 72617 73814 63899 60464 74102 80912 77956 66450 62452 
