50 41 25 57 52 34 13 16 26 93 90 18 4 13 64 87 9 90 7 8 38 93 63 3 69 34 8 39 96 55 82 81 26 75 59 39 39 20 27 44 31 77 43 61 33 7 53 49 65 55 57 49 45 88 59 45 28 69 90 23 44 17 88 42 59 0 25 0 14 15 19 58 90 69 51 91 17 54 37 50 14 68 34 52 7 4 37 25 29 62 8 93 76 48 20 56 90 62 11 45 
38 76 74 16 44 18 4 89 14 98 63 90 82 15 95 8 24 30 57 57 27 84 59 87 54 53 19 21 32 30 73 78 55 63 37 51 93 59 21 85 96 64 89 4 47 87 64 60 87 75 84 96 88 60 24 73 71 25 60 69 20 92 93 68 13 93 3 69 72 94 43 53 35 87 45 82 71 95 0 74 93 67 79 0 66 59 53 45 78 19 38 2 61 74 43 86 69 67 18 41 
5 43 24 28 51 44 21 48 61 56 23 82 62 61 31 87 56 25 37 53 1 72 50 88 72 99 84 30 75 82 9 49 52 71 71 87 7 35 3 38 83 52 1 54 46 94 52 39 8 38 55 68 50 53 19 35 6 56 8 3 52 97 54 88 52 54 32 8 19 98 1 76 61 71 60 48 58 50 13 13 17 81 55 91 11 88 70 29 98 33 98 7 78 27 87 31 83 37 99 15 
30 80 29 67 93 74 96 88 78 4 3 57 61 9 2 88 93 35 34 31 40 23 27 89 10 1 67 52 61 93 32 70 67 28 8 79 70 85 40 37 49 61 19 51 32 80 25 67 59 90 90 78 46 94 41 18 39 97 97 52 23 50 41 13 73 57 6 64 34 40 83 86 4 48 69 44 2 71 30 76 61 52 45 7 2 31 93 54 52 3 99 58 70 12 8 49 98 2 21 59 
11 11 86 84 19 89 21 85 92 0 2 59 19 63 63 75 69 99 37 19 7 57 0 35 30 43 61 91 97 8 8 97 99 71 42 61 59 73 65 13 19 84 50 61 2 1 20 7 16 3 78 95 79 3 50 98 67 40 64 9 4 79 23 43 63 89 90 71 2 75 84 73 76 9 98 62 0 6 84 89 7 54 61 83 83 6 48 65 89 87 73 94 46 36 86 14 99 67 26 3 
55 35 62 43 92 6 19 98 48 87 92 4 50 52 48 27 1 78 93 34 67 35 73 90 80 37 1 92 82 88 7 50 11 13 60 51 11 38 72 83 92 65 68 78 44 70 52 91 0 18 78 10 42 5 68 4 62 64 99 17 31 14 9 11 21 92 98 8 40 25 67 90 98 99 39 18 46 66 37 98 10 37 62 14 89 77 65 87 21 40 66 33 90 36 20 18 89 94 2 59 
17 48 94 98 80 98 39 12 70 63 42 65 17 35 6 12 87 86 52 61 0 68 23 94 11 86 3 50 53 12 19 7 52 52 98 68 6 29 61 20 7 26 59 97 93 60 36 12 25 85 85 83 54 93 57 59 32 44 64 8 85 79 85 65 7 10 32 26 32 91 50 21 62 40 3 5 68 42 95 23 38 25 36 83 2 40 44 31 86 53 60 72 27 60 92 70 71 30 27 46 
34 97 5 61 67 74 25 70 82 91 51 6 16 92 9 64 80 55 30 37 62 68 24 87 46 38 1 98 86 74 33 34 54 14 20 30 90 69 34 65 49 13 77 44 67 45 88 79 77 97 76 96 2 8 23 3 78 35 28 47 65 8 62 61 27 84 24 1 50 31 72 26 4 2 19 7 21 1 84 45 89 57 83 70 38 28 93 97 24 99 70 50 52 91 61 88 10 0 40 2 
64 3 91 2 57 92 63 18 93 46 36 98 89 11 5 26 3 10 82 89 19 2 64 62 73 53 69 25 3 53 48 23 91 55 64 92 19 45 30 58 36 79 82 93 87 81 5 71 49 40 61 58 4 36 54 15 67 45 28 6 67 71 69 85 56 69 10 5 28 3 46 30 13 48 27 20 23 42 1 63 41 51 33 8 85 79 61 91 37 25 55 1 35 42 64 57 25 50 90 16 
27 11 82 16 59 28 45 76 56 97 67 82 30 95 2 74 84 11 65 75 92 42 98 79 23 3 41 21 68 61 64 4 77 19 64 74 74 47 7 66 57 2 87 44 73 59 69 98 68 79 90 6 9 34 96 28 5 92 25 69 17 37 10 59 3 29 57 13 38 89 21 67 21 13 38 89 14 34 11 47 0 94 98 81 12 23 22 45 67 14 68 72 32 29 43 51 68 21 39 56 
20 94 44 87 51 67 74 95 94 45 14 25 87 19 74 74 60 73 58 70 18 78 39 16 42 55 52 27 37 66 58 22 1 70 91 71 39 98 24 58 16 56 6 40 22 72 33 49 11 50 91 9 88 67 18 65 98 74 10 21 26 52 61 57 12 60 67 92 96 49 27 3 32 76 46 76 8 53 62 45 2 93 69 38 10 10 75 60 37 20 45 65 87 76 45 61 92 47 86 14 
65 36 38 44 33 98 49 37 32 19 85 32 13 0 99 97 78 7 20 22 14 66 43 7 42 80 7 91 25 94 53 42 92 58 92 58 98 93 82 81 84 85 50 55 40 93 47 42 3 65 73 17 58 93 74 80 72 47 7 87 24 67 89 30 2 99 76 76 80 34 39 39 14 61 42 61 79 95 74 76 57 86 52 96 83 3 56 85 84 47 66 14 43 37 66 78 35 97 50 85 
85 1 28 43 19 57 98 52 94 24 38 28 33 29 99 39 44 55 85 74 73 70 44 28 6 21 51 80 50 97 21 35 15 28 12 55 83 62 79 23 43 14 4 84 83 32 13 44 59 17 77 36 97 56 14 99 7 44 4 21 82 31 22 82 11 72 98 99 31 97 71 48 67 39 38 82 79 87 44 29 61 96 59 70 18 16 60 32 80 45 30 72 74 28 29 63 1 87 17 48 
84 33 26 17 3 2 39 71 20 63 74 34 12 23 71 22 43 7 56 54 68 35 4 22 97 22 53 22 36 95 48 88 25 84 99 6 32 64 81 45 21 39 64 2 88 50 75 27 73 57 42 34 56 39 46 48 30 76 81 77 47 74 2 86 55 79 35 29 99 43 56 0 93 5 93 1 57 91 76 83 27 78 97 94 11 36 91 78 93 98 9 56 85 53 92 73 44 56 69 93 
39 62 32 5 60 86 87 99 41 66 7 58 76 5 41 20 53 30 41 55 43 25 28 94 18 75 27 40 77 28 32 97 2 97 5 8 3 31 68 18 42 28 80 73 74 33 84 22 58 79 93 85 3 52 43 40 51 35 17 87 65 18 60 72 57 51 47 19 3 65 15 54 31 5 31 81 28 16 90 54 36 99 65 57 14 90 3 45 77 83 45 96 38 37 16 34 14 15 44 91 
35 95 79 45 31 81 76 3 21 45 86 94 32 22 63 21 94 22 95 39 16 58 33 64 40 31 22 73 72 24 72 59 57 53 38 35 13 58 84 69 7 69 21 78 77 48 40 82 83 72 45 19 84 91 76 43 46 48 7 62 86 82 0 74 80 34 73 89 91 68 23 6 7 43 43 38 8 43 81 83 41 16 43 36 27 69 65 28 8 72 54 6 58 97 54 43 67 94 67 51 
19 85 9 93 36 86 42 41 69 32 38 51 11 85 48 40 40 21 40 90 44 97 41 60 17 83 30 49 90 67 63 3 73 14 97 31 18 4 21 99 75 52 18 13 90 44 92 17 2 60 32 88 42 1 21 16 55 66 50 29 78 58 55 18 66 80 84 46 91 17 14 67 12 78 8 94 44 84 85 2 85 58 90 73 97 60 1 26 47 14 98 54 40 16 8 46 12 38 11 22 
73 92 63 74 84 75 56 84 58 29 74 98 92 3 15 31 5 80 76 52 12 4 51 51 37 47 47 1 55 91 93 29 38 27 93 67 4 4 75 78 65 79 77 93 22 53 3 27 1 36 60 41 93 91 71 20 16 75 1 65 80 32 69 64 38 12 66 46 94 40 58 55 59 16 63 85 15 99 26 95 85 4 82 30 1 94 95 34 64 74 67 71 22 64 80 93 13 37 26 20 
2 49 16 62 90 32 98 23 77 64 0 66 44 62 26 47 61 98 48 36 2 21 39 40 60 3 29 76 1 17 74 77 17 5 71 27 48 94 51 68 4 11 61 36 13 94 6 97 73 65 19 74 31 1 24 49 52 60 58 53 7 94 54 91 32 86 0 11 76 96 74 25 36 22 85 48 72 52 71 92 66 71 76 90 5 7 88 59 72 55 95 95 71 80 58 51 73 75 63 11 
87 68 76 77 26 34 69 91 55 77 93 12 19 3 1 75 45 91 91 60 34 88 54 23 93 80 76 55 87 80 29 20 31 26 90 64 55 82 98 68 67 15 3 37 5 78 24 9 7 71 54 70 96 41 68 16 40 36 72 48 31 76 37 38 90 77 58 46 4 38 98 10 45 56 5 24 59 25 68 16 11 89 31 85 71 49 53 71 92 68 82 21 6 15 60 89 71 31 45 64 
70 40 87 44 21 69 92 41 80 27 13 50 44 95 21 18 98 5 54 1 19 90 41 14 94 37 3 49 39 56 5 10 77 31 2 14 76 26 11 67 21 27 29 22 21 51 27 45 11 67 47 76 43 85 66 61 48 3 43 62 29 76 10 64 14 41 27 85 79 76 13 12 72 60 61 22 40 24 63 73 43 88 67 89 22 41 81 52 12 44 17 59 78 57 94 66 59 75 30 27 
53 75 37 52 65 56 93 53 90 55 29 31 52 67 66 50 10 82 38 69 19 5 43 10 44 30 11 55 93 56 17 0 26 73 84 61 16 12 80 17 65 34 70 13 59 0 77 11 46 27 37 74 3 25 64 20 34 95 51 95 70 9 50 45 42 62 95 34 93 71 55 5 13 51 59 29 1 55 64 47 60 88 97 32 61 57 22 43 45 64 15 38 65 55 12 98 98 26 51 75 
15 60 64 21 39 23 40 14 36 39 71 22 93 88 34 34 15 34 98 58 71 34 48 39 33 44 80 15 15 33 53 69 8 48 65 58 19 77 42 81 78 7 24 72 50 7 64 40 10 10 23 49 3 26 81 86 49 85 17 6 53 30 58 4 6 54 55 50 14 35 15 66 14 91 81 3 40 29 15 97 77 36 55 54 67 63 6 93 23 91 71 74 8 93 57 79 2 10 97 59 
49 15 8 34 24 23 51 19 12 15 70 66 70 30 9 67 32 32 78 68 36 95 85 61 34 54 60 48 44 17 20 5 94 67 11 56 47 28 99 73 67 11 6 14 58 17 28 88 62 85 18 52 13 40 66 50 39 35 74 76 31 73 13 97 99 77 54 21 87 44 18 76 13 48 12 79 20 71 40 54 25 43 31 88 37 77 56 87 46 96 50 95 2 81 97 59 14 63 71 47 
84 79 18 67 44 93 16 82 69 11 71 66 6 80 17 85 80 4 23 46 72 47 65 30 97 41 95 40 45 74 53 37 20 24 36 39 92 14 83 47 46 10 75 43 59 32 86 79 55 34 56 94 37 1 42 35 96 72 53 78 83 37 4 76 25 53 69 19 87 85 78 28 74 57 44 13 14 65 24 66 93 1 15 46 45 57 28 83 43 90 71 14 76 69 56 29 40 41 63 70 
35 14 75 93 48 58 64 64 60 54 57 26 17 79 75 53 98 61 76 7 49 67 87 98 2 4 28 14 47 42 40 50 80 90 87 86 40 27 95 20 28 70 72 71 62 41 13 21 46 20 79 68 75 1 70 24 53 12 14 52 13 51 54 72 83 33 22 71 17 61 21 49 4 90 69 78 89 32 43 44 45 62 17 70 92 25 17 57 37 21 46 7 12 27 5 72 7 73 14 65 
68 30 42 66 74 40 0 3 96 85 18 46 39 94 37 53 63 60 76 40 78 24 43 55 5 62 93 82 29 90 66 46 39 60 41 56 65 34 65 99 38 84 73 11 38 50 41 53 44 74 54 26 76 41 94 2 44 43 53 58 51 23 11 12 60 50 68 61 57 58 96 79 12 58 54 24 2 96 82 29 65 85 86 0 13 54 51 11 48 88 53 41 66 57 3 24 7 94 7 38 
3 17 66 59 34 50 21 26 8 93 68 9 53 26 59 52 82 42 83 12 3 19 85 23 75 12 9 50 70 93 36 11 23 47 84 66 96 67 23 29 84 67 2 38 4 48 15 7 31 52 76 91 44 26 82 10 76 59 0 23 73 1 80 81 85 84 5 40 15 64 60 52 67 62 31 9 23 52 75 40 95 4 50 34 3 83 11 92 45 52 28 65 20 29 71 89 89 31 44 93 
30 21 68 45 50 95 63 41 40 87 65 7 51 10 43 80 11 8 69 54 14 66 65 77 85 19 65 54 72 30 60 43 96 12 84 53 20 60 25 24 37 60 37 85 73 39 27 75 14 35 55 84 28 72 84 50 62 6 17 69 30 4 27 51 68 43 60 52 25 59 55 76 11 91 19 53 22 51 12 79 52 76 69 39 23 44 32 93 96 85 39 69 41 82 67 72 39 97 88 61 
26 91 23 16 17 87 77 71 44 49 30 80 60 47 4 62 55 73 8 96 34 8 46 82 65 16 44 44 21 80 96 47 76 82 90 39 99 59 23 59 18 69 67 22 73 13 73 59 73 96 83 96 47 77 92 9 33 93 40 57 15 31 39 54 52 81 16 46 39 46 77 39 63 21 27 99 49 75 83 91 34 62 90 96 2 44 33 82 67 32 52 30 43 7 66 51 98 62 20 82 
29 58 61 11 13 17 81 85 40 48 23 99 3 79 92 63 3 90 46 47 59 64 24 25 7 89 37 57 23 73 24 76 82 93 56 8 12 37 55 86 86 15 33 11 73 79 53 48 42 44 79 17 9 84 48 82 61 35 97 96 8 6 32 84 91 31 64 22 23 92 96 9 25 60 18 68 41 12 92 20 91 11 42 31 67 48 28 14 8 19 66 28 45 99 17 71 89 96 64 76 
81 62 24 45 11 83 38 39 68 68 44 65 1 54 43 91 60 69 14 70 0 1 12 86 72 27 44 27 36 61 72 89 94 26 75 79 94 14 51 71 27 60 56 43 37 9 15 38 28 26 70 68 62 30 75 56 62 42 62 73 6 78 81 43 54 50 19 50 78 58 20 95 4 42 65 93 92 4 83 47 56 82 26 80 0 76 46 90 58 10 99 87 46 82 99 29 70 38 31 34 
58 34 82 80 59 81 30 68 73 27 52 44 17 99 29 26 19 96 18 10 97 55 3 33 9 27 36 47 8 54 65 10 36 80 18 53 72 73 0 18 88 71 21 76 69 94 85 74 92 18 21 69 56 49 86 1 43 37 53 22 32 47 62 13 79 75 20 65 39 53 39 47 18 25 77 25 2 44 9 39 77 51 58 44 41 5 39 41 77 95 75 98 22 56 96 78 21 78 41 66 
54 36 82 78 27 28 70 9 73 98 21 1 99 74 87 83 30 90 0 85 20 12 34 74 78 47 83 6 37 2 88 69 47 2 46 61 97 7 17 75 71 19 44 53 65 1 27 55 26 80 65 9 27 20 96 48 41 52 44 88 91 92 76 52 92 16 37 99 98 87 76 18 98 75 71 82 22 73 95 60 85 79 20 4 5 92 88 66 53 37 54 96 83 92 67 24 68 9 81 26 
85 12 11 73 82 10 72 53 72 45 69 87 25 19 6 62 15 34 15 23 12 84 6 58 65 44 64 86 68 16 57 43 43 31 90 69 0 68 88 25 84 33 56 9 24 7 61 85 2 35 72 91 56 52 63 92 15 58 25 98 64 64 63 10 10 3 99 38 62 41 22 74 87 23 16 49 72 71 74 99 25 35 1 99 97 28 7 43 88 44 51 49 35 36 10 90 79 3 29 99 
2 1 92 24 79 41 62 41 40 42 0 35 85 23 37 31 46 60 32 28 63 82 96 75 47 4 86 34 31 36 63 34 9 23 94 73 75 70 54 9 75 61 48 88 70 44 49 89 60 4 17 19 36 76 67 91 52 34 2 45 85 58 7 61 29 95 73 22 12 68 84 96 27 44 54 17 63 64 14 18 89 81 19 14 12 32 18 28 86 94 61 80 18 74 5 27 21 92 25 19 
70 17 37 92 50 96 89 83 0 41 18 84 0 94 59 85 18 32 82 30 63 44 32 1 61 80 34 64 42 83 53 58 56 93 72 54 74 84 78 26 72 35 80 7 97 99 64 19 4 14 73 6 53 79 87 31 37 17 10 95 96 52 96 48 6 43 44 12 83 33 2 99 51 36 40 13 19 48 31 45 61 73 34 39 36 6 74 95 56 64 15 63 97 18 56 42 58 81 94 47 
10 31 65 24 30 81 36 90 46 70 58 75 8 13 10 51 22 10 30 46 78 36 36 2 48 66 53 47 68 2 76 3 1 7 21 89 23 46 59 2 32 3 57 90 73 7 23 84 46 9 59 15 1 61 0 35 47 43 14 50 37 60 62 47 83 88 78 57 26 67 90 8 27 76 13 47 56 28 22 27 22 1 5 15 96 52 7 14 46 61 9 16 8 93 21 26 25 50 75 99 
64 96 97 51 69 94 57 21 47 58 87 38 69 51 17 82 71 29 62 64 94 33 63 52 27 2 59 69 74 85 43 9 75 50 98 98 9 59 0 96 58 31 88 56 25 24 56 69 20 62 60 81 96 77 53 10 4 73 19 17 35 67 46 51 32 92 44 55 25 16 23 50 94 55 37 52 64 61 66 95 68 15 61 94 68 95 78 54 47 17 29 71 7 49 56 77 31 5 73 73 
61 69 46 99 90 46 46 28 53 97 27 96 57 21 62 39 39 75 95 45 16 65 93 82 65 18 93 79 94 8 9 13 29 22 14 27 84 59 39 2 24 55 4 85 50 1 1 83 56 63 18 55 94 17 24 30 41 68 21 10 29 31 4 12 17 32 2 52 41 25 71 68 53 2 8 83 31 94 91 59 3 36 97 17 99 77 24 15 55 93 61 50 51 60 21 99 0 34 50 72 
42 86 89 2 44 30 94 89 16 84 5 35 29 96 68 1 44 34 76 8 27 58 15 22 72 90 83 32 68 62 25 71 79 3 12 53 62 18 90 49 37 11 63 88 49 37 11 14 9 81 28 86 24 55 32 80 70 85 32 95 45 4 18 92 15 12 31 60 88 9 44 12 9 65 1 15 89 44 45 94 29 6 82 31 82 15 20 59 8 44 65 94 20 80 13 87 75 71 18 22 
16 56 54 12 35 3 45 52 91 54 78 52 87 85 45 80 80 18 48 1 23 78 95 93 40 15 3 21 19 91 43 37 43 83 51 99 78 17 94 60 3 57 80 49 27 76 74 9 85 76 50 12 0 83 95 85 50 72 6 0 65 55 92 94 76 11 84 20 18 81 80 4 55 81 14 16 89 17 34 52 47 26 8 31 93 67 82 82 19 39 62 42 33 65 64 14 56 19 90 36 
39 81 97 34 61 22 89 23 24 64 13 70 6 78 82 80 42 15 63 11 15 50 7 27 84 56 79 22 80 26 83 6 89 0 0 92 62 34 22 75 61 4 87 73 76 30 20 68 84 96 26 1 20 85 63 37 8 31 90 55 10 50 95 41 0 47 11 57 45 20 45 3 48 88 87 66 36 50 38 63 8 53 61 60 31 80 86 86 70 76 42 88 97 11 57 89 41 95 43 35 
23 0 18 75 30 45 88 75 51 15 38 20 55 71 6 62 58 60 77 18 12 55 29 35 79 72 44 91 95 43 83 57 58 36 7 94 37 30 66 91 82 95 58 55 30 48 74 7 83 42 78 58 89 61 78 69 99 54 39 69 77 21 77 58 37 25 87 15 64 2 45 85 38 73 6 84 42 20 94 64 45 67 21 21 33 23 38 73 22 94 43 77 3 2 69 20 15 90 74 70 
45 60 42 71 98 70 57 31 93 22 37 37 20 77 41 62 92 85 92 83 13 46 69 93 10 67 73 28 66 51 82 70 77 61 68 50 5 77 78 9 26 95 29 74 1 7 46 46 48 75 79 36 6 80 72 85 84 22 62 6 53 64 91 2 15 15 63 66 35 81 56 80 58 68 25 67 2 48 99 64 94 60 83 41 27 5 6 9 34 48 98 83 22 9 3 71 94 58 94 71 
34 82 62 33 61 33 31 93 57 52 50 49 90 59 3 22 18 97 59 65 51 80 73 42 70 64 85 59 24 73 19 46 79 30 48 17 91 68 72 76 55 96 81 52 64 56 86 20 2 8 6 34 71 77 89 93 82 82 37 31 58 79 94 88 97 52 34 66 99 70 81 48 48 40 74 66 23 77 35 11 35 20 71 75 86 86 96 90 76 87 60 29 31 64 11 1 82 38 43 52 
28 36 94 55 89 73 76 97 72 30 40 20 82 7 37 30 11 82 24 44 43 83 87 82 90 71 95 31 66 22 62 49 53 30 16 6 98 9 79 84 31 30 43 13 44 26 8 80 85 81 31 33 31 81 38 62 66 86 55 5 73 37 15 32 14 5 11 71 96 31 5 71 62 83 98 5 63 21 2 11 96 93 81 20 51 11 72 15 6 3 55 24 24 18 96 47 38 3 95 66 
25 1 18 42 27 33 29 61 71 80 71 84 85 32 73 76 62 60 64 54 93 31 62 40 57 30 93 78 55 15 64 46 15 86 22 99 29 31 69 3 50 90 81 99 88 58 57 85 47 38 54 4 67 20 30 33 79 12 53 31 22 89 17 58 92 93 19 96 2 32 20 49 4 20 58 96 20 76 41 7 66 11 66 8 93 5 96 38 16 3 2 6 51 24 4 12 69 86 68 81 
73 30 31 66 45 75 25 55 70 62 10 20 91 68 75 47 80 57 86 56 48 38 82 35 75 29 16 18 87 78 13 77 71 79 78 82 83 6 11 82 0 13 0 40 46 55 51 61 0 2 58 12 19 15 98 81 44 35 51 49 32 89 67 35 95 20 41 92 58 74 97 12 54 1 53 25 43 53 49 75 14 81 62 58 4 32 43 21 53 89 98 17 84 63 85 68 85 58 17 3 
17 45 96 97 88 54 50 77 45 99 55 69 51 7 77 4 24 81 88 21 87 5 12 80 22 66 73 96 68 24 6 93 24 41 50 14 50 69 93 45 74 8 47 62 76 51 82 90 74 24 63 21 90 65 29 5 48 44 73 57 74 9 90 71 47 60 55 22 29 36 89 35 49 82 79 59 87 65 81 78 77 78 25 6 93 79 8 44 76 98 95 8 98 64 74 43 67 92 69 55 
12 70 58 79 82 52 62 31 27 7 27 77 98 50 39 36 85 62 87 19 82 45 2 49 46 72 87 98 87 2 82 19 4 6 13 21 93 33 59 28 65 96 21 59 35 3 14 96 19 96 57 74 20 41 86 50 26 48 51 81 98 65 56 61 29 56 84 60 95 50 72 47 65 18 5 79 66 74 21 25 77 72 45 14 53 68 91 25 96 46 79 53 28 73 59 73 61 56 39 54 
71 71 95 16 28 15 62 45 99 22 53 23 39 26 26 11 66 58 81 74 9 34 73 55 39 8 45 60 24 26 41 2 47 25 42 93 20 26 27 86 69 86 70 74 25 40 82 68 4 77 20 68 45 50 35 67 88 67 55 61 72 27 39 71 62 23 67 29 26 69 8 90 19 67 61 19 94 10 54 19 74 94 77 17 39 90 71 45 64 58 14 61 80 91 99 57 64 57 50 65 
98 83 33 33 25 25 82 65 39 96 87 16 67 70 2 3 96 49 8 73 77 24 77 3 7 70 51 40 18 42 50 58 95 38 23 8 7 5 54 23 59 50 59 41 59 24 92 61 45 97 54 32 9 98 96 15 7 4 7 67 5 43 92 18 63 27 68 11 52 92 57 21 46 49 26 36 64 78 37 64 7 17 57 43 83 26 76 36 28 62 81 56 31 65 88 39 74 4 3 60 
53 90 40 82 62 88 72 9 36 9 21 38 26 71 51 69 39 73 95 65 53 66 63 46 46 1 53 39 6 39 54 47 85 81 69 61 37 18 70 47 32 76 71 43 16 4 70 48 31 34 38 49 47 81 30 55 21 9 79 60 9 73 78 90 48 24 79 38 18 37 70 74 17 7 61 84 52 17 31 42 93 79 68 24 40 6 49 99 98 89 35 75 39 32 86 43 22 31 94 31 
76 92 60 27 79 15 87 86 75 55 54 18 49 41 90 44 44 27 54 83 63 99 96 17 52 54 61 74 6 98 12 35 31 4 86 78 10 38 81 76 33 13 71 48 62 41 21 99 11 92 76 72 53 50 60 25 74 75 19 71 60 87 15 1 75 40 78 95 90 29 33 63 44 80 11 92 68 97 56 77 22 9 28 70 72 97 24 36 83 20 38 30 67 34 75 11 57 12 94 88 
43 6 59 87 0 52 48 67 38 12 83 59 6 83 49 85 0 92 49 7 69 69 27 40 16 71 97 19 41 43 41 3 67 3 51 58 73 32 66 97 75 10 29 11 73 39 83 0 55 36 33 81 97 31 81 2 19 86 0 74 18 27 27 36 77 92 83 36 76 24 8 30 89 61 66 13 42 16 70 68 87 23 72 24 53 93 35 39 19 70 45 91 76 98 53 65 31 25 76 89 
47 57 89 49 71 72 8 36 80 65 0 19 34 40 77 58 45 70 23 72 56 23 81 33 65 60 11 63 25 25 38 41 73 11 65 99 23 94 96 18 32 72 96 37 32 19 73 98 62 86 95 21 87 94 11 32 12 49 54 79 33 41 9 4 27 59 28 12 38 71 51 16 58 90 9 33 93 49 47 44 39 29 96 44 32 9 73 30 69 96 39 3 94 54 3 33 13 63 64 81 
5 49 83 5 53 6 83 85 84 28 85 12 35 59 50 15 35 92 65 72 16 27 63 14 47 2 95 91 1 99 65 43 73 7 3 25 15 60 22 35 50 87 29 78 66 47 67 23 28 3 3 57 51 97 51 97 90 11 14 60 82 26 15 50 8 60 20 89 15 20 36 23 86 58 30 43 93 71 82 29 14 2 68 91 82 56 37 72 14 22 68 64 59 49 46 62 78 93 72 8 
71 63 68 20 34 42 81 3 81 56 53 57 50 77 62 37 43 21 31 72 23 51 33 54 8 68 18 96 66 36 20 11 53 72 56 95 13 19 0 71 61 37 62 40 33 20 63 49 98 62 25 23 59 8 66 95 89 11 32 64 94 72 13 20 24 51 86 46 75 60 90 66 9 65 53 32 54 94 18 23 74 57 36 27 54 14 50 52 84 52 86 98 97 22 74 65 95 9 51 64 
83 41 42 24 0 44 53 72 55 91 85 50 42 8 13 16 39 31 75 57 8 89 35 89 65 76 97 19 30 39 91 63 13 56 73 92 75 94 27 61 77 50 26 27 44 67 89 65 93 0 50 67 46 11 15 81 38 72 15 97 1 35 6 99 97 11 42 37 17 36 93 87 21 70 12 16 26 86 32 92 94 65 48 73 74 6 79 22 73 67 88 96 20 60 67 53 91 55 20 48 
56 74 25 18 64 54 92 89 37 99 20 44 47 98 40 1 54 55 48 93 3 90 55 30 92 36 83 59 74 8 27 56 75 77 81 86 37 19 32 26 47 75 12 54 76 29 2 97 21 34 82 21 24 31 5 16 67 62 76 49 80 82 48 68 74 75 70 53 17 11 27 46 70 42 7 14 73 62 77 5 26 12 50 98 51 44 78 32 59 92 83 72 46 91 23 34 99 51 26 27 
14 51 87 46 89 52 4 8 2 80 31 53 33 71 87 5 93 19 78 94 31 11 58 53 33 24 84 1 40 72 74 95 63 31 74 13 52 69 84 41 1 86 12 57 97 1 95 35 19 25 67 86 97 26 84 51 69 44 41 7 84 80 19 95 38 50 14 86 0 85 25 83 78 95 90 22 70 55 74 31 97 73 9 20 57 79 30 47 61 9 86 45 63 20 23 26 33 77 46 58 
33 87 77 15 8 11 16 83 60 56 39 90 40 93 41 18 83 89 85 90 30 61 17 30 3 29 60 22 71 60 95 24 83 26 88 59 42 25 97 10 62 25 0 4 18 96 43 39 15 78 35 29 17 89 65 55 32 1 1 93 79 25 60 35 44 4 45 1 5 48 76 75 74 74 36 44 91 17 7 18 41 82 83 17 71 31 26 75 16 35 87 44 33 79 0 25 1 17 6 9 
17 16 91 24 84 89 70 82 26 7 25 32 0 48 62 21 9 31 74 51 92 54 71 20 25 44 97 59 91 2 36 80 52 10 20 39 47 14 95 48 60 34 19 17 21 67 89 93 58 43 70 73 43 54 62 83 31 79 88 14 68 99 22 28 23 51 73 11 6 41 55 64 1 33 75 80 35 74 75 30 38 91 39 20 94 72 2 15 32 6 60 74 72 34 41 51 10 63 43 30 
83 43 91 90 62 5 76 10 4 7 25 43 53 73 84 46 96 60 44 43 61 28 95 3 92 46 24 75 58 64 86 34 92 59 73 74 46 13 44 90 47 80 59 83 50 8 0 74 88 36 29 28 56 87 35 50 36 42 22 23 61 90 8 10 88 41 22 84 33 7 62 38 41 11 51 89 65 66 1 29 64 63 35 68 71 31 91 64 29 19 17 42 17 49 65 59 29 63 49 1 
14 85 44 97 13 21 64 17 74 2 86 71 30 46 53 29 13 44 1 12 4 12 14 37 64 61 95 91 7 86 76 70 32 68 70 65 43 34 76 22 8 89 32 66 98 41 28 3 8 90 66 94 12 86 23 51 24 68 68 81 17 57 88 77 60 48 3 86 28 9 94 24 68 71 90 74 38 4 52 16 38 65 12 42 54 59 54 73 76 62 78 80 60 68 23 65 12 41 49 18 
14 52 28 87 62 57 0 95 80 67 88 20 25 76 5 17 40 26 55 88 69 65 89 33 30 28 42 30 9 16 29 73 91 31 36 34 78 64 4 98 20 55 67 30 14 56 89 85 48 6 80 20 91 96 68 6 33 23 25 10 43 17 60 83 98 78 60 43 97 95 32 79 71 43 45 69 49 89 53 21 40 55 23 13 60 60 10 27 44 48 78 65 0 33 95 67 85 93 44 38 
21 5 76 36 62 94 14 9 48 15 87 75 67 53 63 44 13 59 20 50 79 90 77 70 6 53 7 38 81 50 79 84 31 10 39 25 31 44 50 59 36 96 53 51 55 72 35 85 35 35 19 63 2 86 66 95 34 97 57 60 57 48 30 10 76 46 9 87 51 55 59 70 89 87 90 97 68 58 0 55 44 61 81 40 77 78 29 99 40 87 5 34 3 88 8 0 90 17 90 19 
69 52 58 42 38 73 33 50 24 27 46 65 61 15 15 23 53 12 42 54 99 10 87 63 4 90 24 23 11 47 48 76 86 60 94 92 11 29 18 77 73 26 82 86 91 8 14 42 20 43 95 68 11 10 82 22 62 8 90 16 37 50 7 99 79 33 24 9 59 38 22 91 22 63 26 46 63 27 81 7 57 72 87 3 39 54 77 66 30 17 85 32 16 9 4 80 49 41 64 80 
7 75 25 44 59 13 82 15 52 8 66 92 34 96 29 50 39 88 0 98 4 65 63 71 66 66 28 63 53 46 7 85 75 30 47 31 20 21 5 10 68 33 29 5 29 77 70 48 86 52 99 83 58 33 38 91 41 48 64 51 25 80 14 78 99 74 92 83 93 86 42 19 6 82 16 40 84 82 85 84 42 17 15 7 29 78 95 0 23 62 68 99 43 77 1 69 48 5 22 78 
91 5 70 65 81 81 14 27 48 51 32 61 56 99 64 7 85 98 86 58 1 81 81 23 86 60 16 39 51 77 98 35 95 24 91 19 70 60 12 82 0 91 88 68 24 61 22 10 38 9 51 27 3 57 60 75 92 60 8 62 41 15 12 18 0 87 26 34 43 42 57 4 90 39 87 93 80 10 33 5 85 1 15 20 31 74 43 9 37 87 14 22 97 49 23 9 53 83 38 49 
81 35 25 45 63 73 85 35 92 90 27 13 78 49 24 51 31 63 51 90 52 49 97 38 69 56 60 52 73 21 30 80 7 93 95 67 79 98 13 56 93 92 29 33 24 94 69 37 98 6 57 14 8 43 28 40 49 14 15 35 47 8 51 64 46 72 93 9 93 74 45 16 12 9 60 25 32 3 28 56 6 88 41 23 54 72 28 44 87 41 32 26 13 5 53 12 62 57 38 25 
68 8 80 75 19 3 66 24 18 28 88 4 56 92 88 53 43 62 44 88 90 25 15 35 4 64 77 35 18 13 2 16 39 44 3 53 79 3 35 80 95 54 90 51 28 90 94 98 59 56 71 36 31 97 96 53 96 59 53 76 5 25 36 79 27 42 68 59 27 11 32 5 88 43 25 0 16 63 7 54 22 70 45 84 27 92 79 37 38 20 90 9 26 5 3 64 73 3 80 45 
73 99 33 47 46 32 16 25 48 2 31 18 72 90 15 14 95 12 23 48 27 67 57 91 51 1 39 73 8 4 86 17 61 64 53 99 52 15 41 42 90 48 83 74 92 10 51 44 93 32 35 62 59 80 33 57 36 32 21 70 92 81 30 41 9 55 87 76 59 52 53 26 14 95 56 99 91 15 31 46 21 13 31 27 67 32 58 89 94 9 89 46 73 33 34 43 63 33 23 79 
79 59 80 20 37 18 2 63 81 35 39 55 55 26 83 3 17 23 37 99 84 72 99 80 69 27 63 9 27 88 60 7 13 49 23 16 21 54 63 31 64 56 31 79 42 66 41 35 35 98 2 38 72 39 14 67 63 4 24 2 98 20 13 87 47 34 76 74 82 17 84 70 54 90 6 50 13 22 73 43 60 3 89 32 9 19 73 79 16 3 69 95 90 19 0 38 85 46 52 26 
30 35 22 67 3 86 42 40 52 31 6 55 83 88 57 50 85 36 59 70 18 56 79 26 51 84 7 73 64 9 76 25 29 67 75 3 85 61 68 77 14 4 19 75 18 99 36 28 49 11 1 4 97 86 94 48 52 72 24 14 77 39 55 15 14 21 69 67 53 90 53 44 43 32 54 12 42 42 14 70 27 27 93 8 96 99 3 22 1 65 48 64 26 80 88 85 87 44 40 42 
81 18 46 6 61 21 93 51 59 53 43 51 11 46 33 43 62 95 35 79 68 96 29 52 40 82 86 63 26 39 10 39 80 6 20 91 65 53 26 86 23 24 55 64 41 85 54 89 12 16 7 47 58 94 69 71 36 92 34 56 0 40 85 68 84 51 59 96 25 90 31 50 18 20 70 21 92 90 27 28 57 4 1 1 8 98 62 66 93 80 40 95 60 2 34 85 58 45 32 66 
44 73 19 83 46 74 95 8 58 64 15 90 84 46 4 63 66 11 75 73 63 65 51 36 69 51 22 22 45 16 59 92 12 69 95 31 41 18 69 16 31 75 12 90 47 30 71 80 69 1 34 9 36 51 72 17 43 87 69 19 68 15 42 68 36 68 76 51 32 93 15 16 91 3 90 38 39 97 83 0 60 14 19 74 45 76 44 31 49 0 25 0 46 41 77 36 62 23 42 3 
60 83 11 46 70 35 2 38 59 55 87 48 49 96 30 50 28 84 20 76 92 55 54 76 57 22 6 93 30 77 7 72 17 36 25 42 21 83 87 49 31 95 91 39 89 11 1 71 3 84 21 44 59 95 73 21 87 64 3 32 44 20 92 73 79 11 85 43 12 96 19 5 71 2 71 17 55 59 1 99 23 55 55 82 17 23 33 66 10 98 11 28 29 15 83 19 95 85 11 55 
17 58 59 38 98 82 71 46 41 20 56 36 74 17 77 45 97 16 69 33 21 63 90 35 45 44 99 68 25 21 82 64 67 3 36 46 3 61 10 99 74 9 3 36 96 61 32 35 37 71 26 23 59 18 96 74 82 77 27 20 71 61 35 23 24 97 3 10 47 15 52 24 90 17 33 88 63 50 11 98 75 55 24 12 99 91 50 72 71 52 47 48 52 47 20 92 12 22 10 73 
91 64 4 6 31 5 60 23 14 99 61 95 14 50 77 77 10 51 29 28 38 76 0 8 19 26 68 42 89 80 26 24 54 14 30 47 2 20 56 84 33 69 74 21 93 10 43 58 58 23 42 46 44 11 62 66 85 26 17 21 74 29 36 58 55 12 96 67 0 59 8 65 99 8 59 75 27 79 1 14 47 54 17 81 1 27 71 62 2 43 65 12 86 17 93 63 98 52 49 83 
39 88 58 9 1 9 33 99 51 96 18 79 95 65 81 75 32 54 55 95 96 78 33 0 10 2 84 73 2 45 63 80 38 87 98 43 79 5 71 38 51 31 35 83 86 87 19 42 29 42 74 64 80 89 95 16 3 35 56 41 19 45 37 26 57 50 12 85 70 82 49 85 68 4 22 33 66 2 2 10 91 36 69 85 93 20 50 81 73 61 21 45 55 54 0 93 48 80 94 94 
18 40 71 17 46 52 91 77 59 7 88 7 12 46 67 58 65 23 99 92 15 7 59 99 53 65 84 75 1 9 98 21 36 15 11 76 77 98 87 26 50 33 34 47 17 93 70 7 9 91 6 21 7 50 28 92 52 23 37 74 92 91 42 85 70 97 46 18 41 89 25 71 45 84 90 24 51 30 44 28 19 94 15 89 55 18 9 47 18 33 81 47 55 94 79 38 26 92 48 62 
79 18 96 55 65 83 26 99 25 62 15 43 47 62 99 0 41 59 82 14 75 55 71 11 88 17 29 99 78 22 79 66 22 6 4 15 68 97 65 25 29 59 11 68 55 42 26 30 38 18 56 37 6 96 80 44 11 49 12 5 12 3 82 76 25 27 4 63 37 69 72 87 9 36 23 51 74 28 95 19 28 80 87 39 75 80 54 43 74 54 35 74 46 0 22 16 82 91 98 95 
50 63 30 62 71 82 97 79 2 76 62 30 22 34 73 32 94 65 8 98 90 69 25 11 87 87 34 31 82 13 19 42 18 89 89 48 32 25 58 34 17 54 12 55 51 44 72 79 19 70 68 0 93 25 19 18 38 85 6 45 98 57 65 65 10 10 29 97 5 2 22 43 31 82 97 76 25 54 59 32 67 18 66 20 85 17 97 15 43 39 54 91 95 72 43 45 32 70 50 45 
63 17 34 91 42 92 94 24 56 87 93 93 27 63 5 65 92 62 15 92 15 56 94 12 64 38 85 77 1 15 33 73 39 28 98 20 18 83 1 74 58 50 83 28 97 1 58 99 80 44 34 82 14 6 50 35 89 61 16 32 48 22 15 70 43 56 8 45 13 60 39 28 49 59 17 7 43 89 72 85 43 3 39 67 94 51 5 37 70 9 82 17 98 82 82 63 34 18 37 49 
8 34 15 26 59 0 23 91 82 63 75 0 34 28 27 23 27 81 35 7 69 35 23 93 28 19 30 29 48 51 35 53 47 78 17 93 32 85 15 86 92 33 12 72 28 75 66 95 91 23 0 7 15 99 13 88 12 17 79 21 85 94 57 24 63 65 43 48 83 7 65 54 8 84 7 21 98 61 88 62 91 86 24 70 22 71 63 81 79 13 18 60 9 94 62 21 18 49 67 96 
96 62 73 68 26 9 4 50 32 62 58 16 48 57 67 63 72 72 63 57 86 91 38 96 29 81 73 22 1 23 92 91 98 6 90 34 32 99 42 68 23 3 86 81 52 37 64 13 81 32 90 17 76 34 96 12 49 58 79 34 59 26 29 0 68 47 91 52 1 1 67 23 39 84 23 67 65 68 48 67 86 5 18 5 46 33 95 2 74 97 52 8 93 96 39 64 87 61 90 25 
25 43 95 13 73 57 77 96 70 57 69 87 18 60 49 52 53 21 24 12 32 99 70 85 61 49 39 35 85 11 40 9 58 40 54 12 11 98 46 26 54 54 89 15 19 72 71 2 47 35 72 14 46 89 94 87 52 36 34 99 8 15 23 16 20 83 93 17 66 32 9 38 28 89 31 88 19 60 14 29 8 62 9 33 53 12 95 17 50 94 33 31 12 68 41 47 21 32 95 63 
2 45 95 77 57 13 46 12 73 37 37 30 5 19 81 69 28 24 61 86 69 46 44 41 22 55 95 70 95 85 40 22 53 3 25 9 74 29 95 93 39 70 72 77 21 89 6 43 79 48 42 68 16 98 10 11 95 97 63 56 28 75 71 30 45 67 62 4 23 11 31 93 95 20 9 27 11 3 7 28 26 8 28 85 24 51 68 69 44 28 29 90 88 84 27 14 68 25 95 87 
66 26 36 41 1 41 90 32 66 18 75 18 74 24 2 77 81 78 86 8 96 77 25 78 88 82 76 14 6 57 23 79 69 63 87 75 52 79 75 32 56 35 0 38 88 33 9 56 6 56 47 49 4 71 55 29 74 69 59 12 50 24 96 32 59 0 85 88 14 73 2 0 91 37 87 30 78 38 18 8 60 29 25 56 10 86 53 84 12 89 51 63 13 69 29 15 68 90 80 23 
95 47 99 64 36 3 19 29 2 36 22 41 93 72 40 6 43 67 6 51 97 46 24 53 8 86 6 86 37 31 7 32 73 24 51 20 67 57 84 71 18 32 45 9 87 47 26 80 39 99 24 20 48 55 23 59 52 86 70 15 4 62 45 54 22 2 96 53 17 94 36 12 63 64 68 3 68 86 95 39 66 71 48 40 9 96 13 42 61 50 18 41 17 2 32 39 44 55 71 8 
44 98 37 7 2 57 65 46 69 59 94 91 13 90 85 18 70 61 9 82 89 97 67 78 84 1 77 52 69 41 4 83 95 53 15 8 27 52 40 10 81 75 76 96 55 0 45 83 76 20 12 86 10 34 40 25 92 20 64 18 92 88 90 20 6 21 18 86 25 76 61 51 82 6 31 35 64 42 64 39 61 59 12 43 44 7 23 21 96 19 46 26 36 10 91 9 4 29 16 85 
92 21 40 22 70 44 1 22 26 98 68 86 65 78 42 75 42 31 89 42 66 34 83 26 82 31 23 82 1 24 38 3 28 80 87 67 14 59 90 52 10 84 71 46 74 5 94 43 30 19 99 33 92 86 60 50 8 96 93 34 21 44 84 47 64 69 26 3 51 41 78 80 52 32 27 47 91 56 86 88 53 72 86 43 36 6 66 71 40 78 35 41 84 59 50 15 16 4 10 17 
5 40 75 59 49 81 4 11 40 69 28 61 57 29 27 24 99 2 62 36 2 35 97 13 32 34 45 5 58 79 35 20 79 34 11 9 78 0 96 69 3 43 53 15 39 5 32 54 63 69 42 63 33 78 77 91 52 15 28 13 83 15 0 88 33 12 70 43 77 14 91 73 76 2 50 98 92 53 52 30 38 51 55 27 70 87 10 74 58 63 61 76 32 51 4 38 33 56 19 47 
4 91 32 59 86 2 64 91 43 22 38 86 91 26 69 92 3 85 12 24 89 97 46 11 81 45 78 27 47 55 77 71 11 76 68 59 96 73 20 3 86 4 85 50 46 15 69 10 11 47 76 94 84 17 70 33 74 45 29 85 45 67 25 91 44 27 50 15 22 28 99 39 59 65 54 37 69 78 19 32 12 82 69 52 87 76 37 39 77 78 63 91 50 21 78 33 68 99 4 20 
61 72 86 60 36 96 15 99 76 70 7 13 29 91 13 66 5 60 3 1 21 33 47 45 32 2 9 61 11 81 98 83 37 42 0 93 16 53 85 67 43 50 87 97 76 45 32 93 76 90 62 89 43 23 87 7 36 61 36 9 3 99 42 5 90 13 14 18 91 24 64 99 16 78 96 79 15 38 88 88 7 39 12 5 76 51 69 93 45 34 8 42 78 83 1 48 24 28 85 54 
20 19 77 76 92 39 24 98 15 94 34 10 68 5 50 49 93 88 76 7 11 47 9 61 93 47 17 80 76 28 4 50 47 21 30 72 76 26 22 16 79 54 14 52 85 53 48 2 78 60 25 78 14 96 13 64 15 21 66 24 64 10 20 58 20 17 69 5 46 56 45 10 45 45 72 94 25 45 28 48 73 91 53 87 82 51 63 71 72 34 26 17 90 4 25 62 75 80 77 7 
9 90 82 39 45 17 5 95 61 79 55 93 11 47 90 45 41 29 67 98 96 35 72 18 18 11 87 75 94 44 15 36 50 70 95 92 69 59 23 8 15 26 76 77 79 88 59 92 22 19 89 85 1 55 30 25 90 31 61 27 18 15 15 33 8 90 27 63 0 75 49 86 89 63 76 99 78 96 42 66 92 69 56 36 63 27 86 14 95 1 83 36 66 65 95 14 69 35 19 53 
9 92 43 26 15 52 38 37 47 42 54 41 97 98 74 3 97 23 58 93 48 49 97 48 85 22 76 50 29 68 53 68 37 62 85 15 70 27 83 40 31 8 48 87 79 15 3 86 3 40 8 33 37 81 27 28 12 89 72 92 25 36 59 34 59 12 32 86 33 85 77 34 12 69 11 13 15 90 36 30 90 5 46 52 89 92 78 92 85 54 64 34 77 56 69 82 65 69 58 59 
