0 5 42 95 78 58 50 50 39 79 77 52 15 98 1 42 92 23 66 56 86 26 1 9 63 5 67 16 46 93 
7 80 69 28 12 37 38 60 16 2 50 54 49 22 96 0 50 44 61 73 8 11 29 35 79 43 5 77 90 64 
9 23 74 2 49 20 53 27 87 46 90 43 66 86 14 67 39 78 52 71 86 20 96 77 64 87 33 96 81 80 
1 62 86 34 85 3 41 94 5 87 68 6 70 19 79 32 64 44 35 93 94 4 80 12 44 45 50 56 97 52 
77 35 2 13 74 80 75 27 86 89 39 23 79 23 96 72 52 24 48 82 77 67 80 17 32 53 41 3 37 8 
49 80 53 87 97 37 47 93 40 89 39 51 60 37 54 95 91 29 60 91 74 93 40 72 39 47 73 87 46 70 
70 3 36 97 0 64 7 5 71 12 45 0 75 69 78 23 40 10 24 21 96 35 69 24 23 86 84 10 5 16 
18 40 86 29 87 3 44 60 56 55 39 52 32 61 33 7 5 99 66 22 61 15 39 18 28 42 79 14 41 20 
36 9 30 99 68 10 23 87 72 95 20 73 97 43 91 69 84 84 52 18 17 62 41 89 9 1 89 88 77 33 
64 12 30 44 38 37 76 75 87 95 31 28 76 0 21 44 41 36 22 88 76 63 68 81 53 36 81 73 96 68 
38 48 3 93 57 71 31 23 63 65 15 4 3 67 91 53 16 27 15 50 84 99 62 32 80 1 87 26 0 64 
2 6 6 9 20 56 62 66 28 90 5 4 57 21 39 78 90 95 1 11 71 0 42 41 77 19 31 70 20 78 
31 87 92 12 55 76 63 10 22 67 81 75 36 45 20 28 88 62 10 68 41 14 72 58 81 58 14 56 50 93 
95 68 91 22 44 4 56 37 72 8 63 19 36 64 9 18 11 30 59 83 15 14 55 41 5 80 1 38 74 61 
79 77 27 18 70 2 99 45 70 35 92 84 83 97 43 80 15 68 67 16 30 68 79 71 86 53 98 11 20 72 
62 98 41 6 77 32 48 16 60 61 63 28 15 54 33 27 50 78 88 17 83 33 89 71 48 3 61 93 35 71 
80 49 38 20 26 85 34 58 20 63 63 89 15 3 84 98 53 32 10 7 49 56 92 40 1 84 16 42 19 21 
97 15 14 37 26 14 14 29 89 70 14 67 20 27 21 31 30 31 3 24 52 93 60 4 37 40 29 16 60 29 
8 55 53 72 22 75 87 9 51 25 62 61 6 52 78 64 29 35 4 74 82 31 18 88 47 33 18 28 63 2 
48 38 18 14 20 57 44 66 25 32 47 63 64 84 20 56 69 85 15 14 6 17 87 66 82 48 59 67 44 52 
51 72 10 26 32 66 48 18 8 91 65 85 33 64 46 38 56 30 32 49 21 92 99 92 43 24 81 99 28 70 
89 71 16 27 89 50 46 0 54 20 51 59 99 95 13 39 59 80 23 17 11 77 88 35 84 37 28 71 25 99 
14 47 2 10 16 94 42 80 21 4 15 69 28 8 70 32 43 4 76 23 54 64 15 47 9 94 20 40 30 78 
10 75 94 11 86 75 55 60 96 5 65 88 6 90 44 94 41 33 63 79 8 28 46 2 1 18 99 27 79 63 
0 97 61 9 98 65 89 96 23 88 40 77 9 18 57 57 90 36 82 29 70 41 56 16 41 86 72 19 95 8 
46 84 1 85 97 91 7 51 86 62 49 57 5 11 93 17 81 71 45 62 9 21 96 72 1 27 92 3 31 94 
12 27 57 68 59 52 62 55 40 41 3 2 98 82 1 91 83 82 8 19 88 51 91 77 83 34 12 34 56 73 
48 89 83 87 31 75 97 51 69 30 78 57 77 16 37 9 42 50 81 71 20 35 36 92 52 73 7 64 30 66 
25 71 46 29 28 53 33 94 63 19 6 12 29 28 44 15 73 80 32 85 18 12 97 22 96 71 31 68 26 22 
51 73 88 13 75 34 25 89 0 3 38 99 33 61 11 62 80 32 46 16 48 72 84 41 39 4 44 7 65 34 
