89 69 55 63 19 91 48 54 10 0 58 34 65 20 1 30 48 28 35 98 7 42 42 2 59 13 93 8 81 10 14 4 15 90 83 66 67 84 56 44 62 84 99 30 19 68 75 31 41 84 
77 41 90 71 90 41 69 74 3 74 27 13 31 94 53 30 82 6 24 67 62 94 44 16 34 56 38 43 59 57 26 5 16 25 32 46 75 55 47 46 26 37 49 87 81 86 14 13 33 17 
33 52 7 90 76 52 36 33 18 98 68 53 82 26 42 60 31 94 73 87 68 39 17 69 44 69 63 7 62 26 8 81 35 13 70 92 42 31 40 17 26 24 3 87 18 64 45 97 94 11 
15 67 29 83 61 35 55 73 37 59 95 28 26 18 64 48 60 7 55 72 26 71 47 88 91 94 18 18 43 37 25 65 70 76 30 65 3 90 34 81 34 45 10 43 52 85 24 42 39 28 
0 42 50 28 38 14 6 20 57 58 46 47 61 80 14 27 30 80 82 4 57 97 99 22 26 62 33 64 87 71 41 63 75 44 26 72 61 84 50 59 20 90 78 12 21 29 71 37 96 69 
33 38 52 99 7 25 98 85 38 88 67 49 46 72 81 23 92 75 65 89 13 75 64 10 65 28 91 36 54 84 56 47 48 62 43 63 68 29 92 16 28 30 98 49 34 93 5 78 75 3 
6 43 42 67 30 92 57 98 0 20 55 12 37 37 32 30 52 5 21 32 33 94 61 14 75 44 47 8 8 27 8 94 80 22 60 88 84 3 71 90 50 41 82 44 43 83 58 1 4 58 
94 6 94 33 60 66 14 40 25 48 29 72 84 87 30 32 53 29 15 88 50 48 93 87 75 35 67 17 89 27 43 48 52 38 19 12 19 19 94 29 86 41 78 48 88 72 67 25 62 96 
19 3 88 80 12 74 6 94 15 61 37 98 97 9 63 91 81 66 30 73 15 33 93 39 17 99 27 69 41 93 20 5 45 1 31 9 63 41 35 62 8 33 88 4 41 8 18 99 6 29 
71 71 57 70 53 20 40 55 22 90 40 26 80 28 44 19 49 97 94 36 64 51 26 23 52 94 23 51 47 18 1 79 87 17 86 83 38 24 88 37 36 18 49 74 90 13 93 61 51 85 
12 94 91 60 92 13 86 77 52 77 43 56 52 40 61 22 49 73 48 88 82 24 24 70 79 47 94 99 14 22 46 93 77 80 81 67 26 3 48 47 93 95 98 9 4 69 32 87 12 20 
88 7 76 93 45 0 58 37 78 4 20 91 92 54 15 99 52 90 60 63 41 57 94 83 22 14 34 54 77 21 22 76 82 69 58 60 24 84 60 33 83 71 35 20 18 27 97 79 30 3 
33 54 11 67 4 47 72 27 76 30 11 75 84 98 73 7 73 17 64 21 40 60 49 63 34 35 24 17 22 77 24 17 7 91 53 18 85 99 58 79 4 17 53 63 54 51 9 97 37 88 
43 0 89 9 83 30 99 29 54 75 14 93 12 80 50 11 36 61 61 6 16 36 11 75 25 22 53 54 7 27 45 80 35 27 18 35 12 39 44 91 59 61 34 22 84 95 23 69 19 87 
81 61 47 7 96 56 65 93 37 53 3 67 54 25 37 24 73 5 17 9 33 82 69 27 20 58 5 28 72 41 66 0 3 3 94 86 42 60 36 88 67 29 91 69 7 13 16 7 92 41 
20 64 80 82 26 7 73 15 12 2 16 91 79 23 89 28 34 69 86 50 0 7 86 91 6 55 9 29 42 38 40 62 43 9 41 29 22 4 19 12 59 25 48 73 25 49 91 25 34 12 
60 18 78 55 62 66 11 2 64 68 71 6 81 26 60 9 93 51 96 49 40 68 58 12 49 27 70 48 86 69 52 30 39 60 68 90 45 72 61 38 6 58 67 22 83 17 49 90 51 88 
85 91 80 98 43 3 92 36 23 10 90 99 76 26 15 13 67 22 78 5 12 60 96 43 47 36 56 90 62 84 87 59 54 5 2 24 5 91 55 35 78 40 99 61 44 74 37 26 40 45 
60 41 0 46 55 76 3 37 49 28 56 85 33 18 61 25 27 63 22 89 47 32 78 19 53 63 9 39 66 99 1 0 56 37 21 86 47 40 28 1 15 70 17 48 84 98 85 76 57 62 
62 68 55 8 65 38 1 53 33 84 22 60 75 35 9 4 40 14 50 75 82 31 17 86 66 24 23 97 2 67 97 91 66 9 5 49 80 9 21 74 15 23 89 24 42 61 48 62 59 91 
95 0 59 34 28 44 75 79 18 84 85 87 53 27 83 54 12 78 95 96 88 83 60 29 7 58 22 80 12 91 10 42 13 2 12 64 65 84 19 28 37 94 67 87 59 7 14 89 33 91 
73 11 50 57 16 29 21 81 76 52 29 87 25 19 21 36 85 49 34 85 18 46 21 90 91 16 22 41 33 42 18 72 19 93 48 46 69 46 58 45 76 52 63 79 41 65 91 58 47 39 
49 0 82 70 5 49 55 64 61 15 80 62 42 13 13 9 20 93 27 20 36 49 22 0 78 10 11 5 42 5 28 74 14 80 4 7 76 95 72 25 51 77 80 27 69 48 61 97 52 31 
68 23 32 83 39 84 0 16 92 72 28 11 23 3 55 51 86 58 21 64 98 72 81 40 66 11 61 70 21 64 76 37 85 79 74 44 19 59 10 18 59 18 68 43 83 45 70 91 23 79 
78 41 30 74 22 17 52 79 44 38 13 22 51 3 58 47 3 23 45 93 40 47 51 63 39 48 63 44 93 13 72 44 56 88 61 22 76 49 3 74 6 77 49 15 59 17 58 83 25 77 
63 86 56 67 92 95 53 24 9 23 13 0 64 18 29 73 39 85 45 70 3 19 17 47 47 6 14 12 61 18 47 85 90 62 10 35 76 97 48 57 4 97 27 38 89 85 96 69 25 54 
69 7 99 8 51 11 25 98 51 91 26 19 3 96 94 77 12 31 33 12 28 22 31 41 92 86 79 56 39 52 92 99 5 51 81 73 79 34 75 94 33 93 75 10 20 81 49 89 70 94 
3 79 0 16 38 72 78 8 37 92 64 87 93 8 41 60 44 82 88 80 86 13 95 84 33 17 40 13 0 95 37 74 35 71 59 74 78 30 84 35 19 63 13 47 23 41 35 43 7 10 
22 63 13 56 46 63 37 85 66 46 10 70 66 53 29 82 16 12 21 83 92 9 67 22 28 16 49 8 57 65 86 85 24 60 99 62 29 45 63 27 84 69 44 44 65 42 52 39 53 25 
78 57 41 76 28 57 58 93 16 53 95 7 28 90 15 52 74 80 35 51 75 27 5 49 41 1 71 92 67 94 65 58 28 4 75 21 11 60 41 63 76 80 35 84 97 45 92 86 61 56 
84 95 9 46 97 31 64 96 73 57 90 77 75 79 28 72 57 22 87 23 85 33 42 14 99 10 16 38 36 27 23 0 53 92 38 87 88 87 34 39 63 59 11 9 67 57 60 15 2 37 
51 79 88 68 9 21 81 42 17 19 75 49 97 89 84 43 47 0 82 77 59 96 74 55 42 21 26 94 11 19 66 42 17 47 12 54 68 71 32 98 10 78 21 38 11 92 31 41 38 11 
82 85 81 2 57 88 5 59 50 46 33 72 5 9 25 34 21 64 40 12 43 58 43 57 16 29 89 16 37 82 46 98 29 43 83 99 37 79 96 11 51 57 9 63 94 13 75 74 55 55 
62 35 4 20 13 23 1 15 78 48 42 20 52 2 24 65 82 4 28 21 63 95 4 26 71 72 89 73 93 22 21 87 40 60 32 96 97 23 9 43 67 54 33 63 75 70 39 63 50 63 
83 25 83 12 88 91 57 33 88 3 77 20 56 64 40 85 57 48 64 35 16 44 9 14 89 86 86 54 54 49 34 46 12 32 20 27 80 64 64 36 48 12 29 41 66 23 62 22 24 36 
29 30 91 69 75 1 71 50 19 45 5 4 64 85 84 30 24 80 48 83 4 87 30 91 2 61 70 36 80 8 19 2 64 28 38 61 57 54 19 38 74 96 30 65 21 19 56 42 73 10 
42 61 92 10 2 27 87 53 23 34 88 26 30 90 89 30 72 56 37 39 93 38 14 79 88 6 95 37 57 85 71 88 83 37 48 5 66 8 38 67 51 88 72 32 59 27 11 72 75 84 
42 83 73 16 93 11 17 24 5 83 22 80 63 9 88 89 13 97 7 56 32 47 87 15 93 72 72 4 46 88 3 29 84 98 53 32 66 73 61 22 56 34 15 35 35 4 52 95 50 91 
43 71 6 5 17 48 22 16 59 1 17 9 38 67 81 71 43 63 39 29 33 74 1 61 55 71 11 4 87 12 31 56 26 7 4 34 0 52 72 60 58 91 36 92 47 29 40 39 85 3 
83 98 64 50 66 85 12 75 37 37 96 79 52 14 45 87 89 85 10 70 33 0 29 30 54 60 74 23 43 79 53 99 97 2 69 9 76 68 41 93 24 24 8 81 41 61 62 56 23 41 
37 20 33 99 53 8 34 37 47 85 24 32 29 59 99 54 34 42 87 47 63 93 97 69 99 39 7 23 57 40 3 63 97 32 67 55 67 40 0 96 80 22 7 39 13 46 32 78 52 86 
95 24 9 36 80 45 67 78 95 29 25 40 6 92 35 2 2 38 65 72 52 1 47 68 89 99 55 45 34 69 15 95 3 48 44 25 95 61 30 93 5 69 69 45 67 72 94 19 48 62 
2 58 72 59 12 77 75 86 40 20 64 60 21 24 12 1 56 80 87 2 54 86 0 60 26 73 28 44 9 62 46 26 37 64 72 68 14 71 54 74 93 33 21 33 99 35 47 10 61 52 
12 32 54 8 48 99 39 98 62 27 71 72 62 18 39 30 36 74 13 77 78 17 31 65 24 57 67 8 87 68 9 45 6 60 43 70 17 64 28 55 84 21 17 31 24 35 67 62 34 34 
12 17 4 71 90 26 12 10 78 71 96 75 9 42 1 44 2 82 37 95 46 11 28 75 39 3 82 46 36 69 45 79 99 64 63 86 97 32 62 86 48 23 12 70 67 50 16 48 21 14 
36 70 15 49 44 68 51 57 46 43 55 27 71 86 58 85 26 16 18 9 3 13 36 47 16 81 93 81 44 28 85 55 4 92 73 95 58 17 58 56 51 89 11 15 18 43 37 89 40 30 
7 97 48 12 85 16 72 88 57 65 21 30 8 57 84 22 32 67 45 50 0 7 94 82 59 59 64 84 24 89 88 98 54 72 31 91 68 78 24 99 66 43 20 30 58 29 39 31 55 28 
89 8 79 44 40 55 56 71 99 85 98 65 6 29 25 64 34 27 62 87 6 8 31 18 15 78 27 5 5 96 70 59 91 68 6 99 66 66 31 3 72 71 27 82 65 92 70 82 61 93 
59 79 17 25 28 33 41 45 36 97 47 31 7 62 24 30 0 65 8 1 4 80 16 74 37 13 81 35 83 53 2 56 22 12 28 10 46 82 72 28 8 95 54 98 19 31 39 5 66 4 
38 15 88 86 84 45 81 82 27 24 83 50 51 28 27 72 79 46 98 62 80 78 32 55 71 88 65 20 48 28 56 68 53 11 44 58 99 75 66 46 30 97 8 20 12 55 43 12 64 7 
