5 24 58 94 79 27 93 55 95 46 48 19 50 26 6 90 96 1 96 54 87 14 85 54 50 40 5 19 93 43 45 8 11 93 65 63 66 2 45 42 34 69 40 92 46 55 3 49 26 64 76 14 1 20 71 78 13 88 7 2 30 86 27 47 61 43 79 29 40 75 89 23 28 5 43 91 95 43 92 28 5 7 55 11 38 37 63 11 75 56 34 11 37 28 19 87 7 90 22 48 
94 82 69 32 85 97 28 24 61 6 64 36 56 42 41 73 61 44 7 77 10 6 4 96 91 79 46 25 17 28 77 43 11 55 58 54 77 63 71 44 71 8 56 29 82 6 36 69 62 41 62 29 95 33 43 92 31 46 77 44 4 88 75 54 62 47 56 15 64 80 78 19 57 39 82 59 92 40 5 25 97 27 26 48 57 66 41 47 99 45 22 50 45 91 94 15 37 12 90 65 
98 30 50 81 35 89 64 18 69 1 31 74 59 88 12 84 98 85 14 53 5 34 75 70 25 11 15 51 84 99 77 95 97 30 45 72 65 24 52 66 39 79 98 52 59 39 25 31 45 66 40 7 18 37 53 91 68 12 90 50 40 34 49 71 62 80 23 50 74 2 86 8 88 80 49 54 63 21 84 34 59 50 98 13 16 67 38 29 13 79 90 10 0 20 38 46 11 88 75 99 
2 46 69 95 40 94 96 26 96 59 30 47 60 36 0 88 90 50 99 92 8 99 34 84 90 78 20 85 67 89 40 2 33 98 65 22 90 36 69 4 50 49 70 10 64 8 53 35 25 53 69 1 13 56 83 84 81 46 44 56 60 12 38 31 78 34 59 84 4 99 24 84 98 41 32 52 71 23 77 71 29 87 95 27 76 22 6 37 18 81 94 71 34 87 41 91 42 94 45 91 
78 70 36 38 19 44 98 3 8 67 42 12 37 44 46 68 31 25 73 61 98 25 6 62 40 18 98 47 97 47 70 84 9 2 62 23 91 77 6 6 7 32 79 90 43 8 36 91 60 51 96 81 37 63 95 83 48 68 52 22 82 99 81 2 50 64 72 0 96 29 77 66 85 38 62 16 50 63 74 41 38 85 61 81 19 91 57 48 70 65 90 18 98 81 94 77 20 65 65 87 
65 3 20 27 65 65 34 83 92 3 62 12 28 87 66 4 52 75 19 26 63 74 53 53 72 11 92 82 48 56 5 69 52 17 30 43 75 5 89 21 53 87 94 45 5 99 45 28 90 92 35 39 6 70 5 29 37 65 97 79 22 68 5 39 65 23 45 82 20 0 60 56 61 83 17 85 37 58 7 73 6 8 32 65 74 27 2 45 41 61 38 89 89 38 59 78 69 78 27 67 
50 59 56 66 24 39 14 98 47 92 9 45 81 35 6 78 28 17 76 36 43 9 41 33 87 36 93 21 67 15 18 43 94 83 17 59 80 33 61 9 36 95 31 32 66 43 29 36 73 66 93 29 28 90 26 74 92 73 81 41 23 7 90 81 97 48 87 17 57 74 67 70 7 64 83 84 82 7 22 24 42 37 44 80 15 53 48 11 63 27 79 11 50 88 6 53 20 52 86 42 
26 6 92 81 46 8 90 38 48 17 66 40 96 27 42 65 68 48 26 97 61 46 19 46 57 52 12 93 4 24 41 77 73 61 71 55 59 89 78 4 19 50 16 28 75 79 25 76 43 52 50 27 57 51 38 77 68 24 12 94 67 66 86 42 98 40 72 64 27 86 11 80 59 94 65 91 79 47 77 97 95 4 70 44 54 27 5 78 99 68 59 91 3 84 93 79 45 50 40 48 
94 66 13 73 67 17 18 96 3 38 24 44 42 34 24 2 46 21 51 48 33 30 14 0 14 16 13 80 48 15 57 23 27 18 49 13 60 94 22 9 72 60 92 94 0 19 70 15 65 47 48 96 87 8 5 16 74 7 92 94 85 52 77 35 98 18 92 93 77 57 0 80 48 25 27 76 61 93 21 47 3 92 90 91 51 50 26 63 66 22 53 9 81 78 93 29 85 50 39 28 
48 46 1 25 74 49 63 14 33 57 31 48 79 25 33 37 76 99 17 83 61 1 69 56 31 18 65 37 30 39 68 27 27 82 99 56 32 22 82 36 54 48 26 89 84 2 96 85 76 9 14 30 7 25 97 42 57 31 10 96 77 11 9 52 78 91 7 60 28 82 10 56 90 88 28 44 24 60 61 87 15 10 10 83 46 7 88 70 38 12 14 23 85 25 77 78 68 6 80 77 
87 91 22 88 57 83 81 84 64 90 86 60 44 73 80 68 99 31 59 94 77 71 58 70 41 47 77 12 41 27 65 9 99 90 60 35 25 42 4 71 32 46 8 51 5 92 36 52 50 18 97 44 83 6 70 37 73 63 2 53 20 68 31 40 64 32 2 7 19 91 15 85 55 78 76 8 49 76 0 19 5 44 85 9 15 63 6 21 92 20 60 62 61 86 45 66 12 30 19 66 
2 63 20 16 83 64 81 47 97 33 95 45 71 87 23 96 65 48 49 80 69 26 87 36 99 1 2 0 45 5 83 56 78 87 18 23 89 14 48 13 83 49 75 32 58 24 15 95 41 97 9 60 76 21 86 17 62 48 98 6 71 64 94 44 5 34 68 16 51 43 7 90 7 27 24 57 53 15 31 89 96 80 94 48 8 82 70 33 21 94 57 53 88 92 33 0 79 70 25 28 
62 69 42 14 2 42 79 76 55 23 45 12 80 92 57 89 43 58 67 79 28 54 66 62 66 69 48 54 56 86 24 88 88 9 23 67 75 89 91 13 95 82 9 71 75 23 32 20 39 16 96 69 86 55 54 81 14 95 30 65 50 87 59 75 94 39 42 33 86 49 91 10 33 31 31 64 0 57 73 39 92 19 13 85 67 28 57 97 98 14 76 60 42 61 2 74 20 86 24 98 
44 4 33 2 59 11 83 56 60 9 84 37 20 47 30 6 11 82 68 15 62 75 15 0 58 51 95 34 13 58 88 73 98 17 32 73 27 34 85 11 28 65 59 95 97 6 57 77 88 35 74 19 49 37 36 33 5 29 97 44 54 52 34 1 79 35 34 11 81 51 26 58 77 4 86 44 42 78 8 11 2 94 56 12 89 9 15 84 19 47 60 80 80 73 50 56 76 91 84 59 
28 40 21 32 60 87 93 67 74 94 55 78 3 29 32 99 56 48 72 28 5 6 38 93 75 13 69 95 51 58 48 56 49 37 45 13 89 18 29 20 67 15 15 98 26 80 85 54 16 88 76 25 30 77 62 34 55 90 47 71 86 65 51 93 91 79 63 50 1 33 31 86 50 79 4 9 74 85 52 19 89 14 63 99 23 3 29 56 86 63 30 29 1 98 75 60 18 91 96 59 
19 74 97 6 84 18 89 2 18 52 46 8 14 98 84 52 15 60 32 80 39 79 62 9 86 70 94 7 41 24 27 27 65 10 5 71 31 56 57 46 44 66 25 1 69 69 51 55 73 64 70 27 24 3 34 50 71 8 66 88 83 24 48 47 58 43 48 39 82 17 34 18 8 7 71 44 84 19 32 1 31 79 92 35 58 80 28 77 97 91 66 75 86 63 17 34 28 6 63 20 
55 90 86 10 51 15 26 16 22 47 47 46 50 4 99 77 51 7 30 60 46 90 27 53 82 94 75 1 89 34 67 24 99 85 53 90 50 99 51 57 35 51 73 8 27 25 9 47 26 74 13 78 57 61 38 27 75 95 2 4 72 60 64 36 90 53 1 29 69 50 51 83 12 49 91 72 89 4 72 46 6 47 39 50 22 68 57 24 6 51 56 97 35 67 24 30 48 6 50 67 
40 78 27 77 37 61 84 21 96 26 73 42 9 75 56 13 17 90 71 30 5 32 36 57 50 45 83 72 85 8 4 5 12 93 99 50 93 25 2 44 93 23 16 2 61 24 70 57 4 1 37 78 77 90 60 77 8 52 86 49 81 61 88 52 44 86 59 42 27 69 36 70 11 61 49 93 54 6 14 62 70 50 89 45 55 84 35 87 58 42 7 49 82 28 45 98 12 43 19 93 
18 56 26 12 61 64 91 2 56 58 94 9 43 85 1 94 49 79 91 94 9 68 66 0 68 42 1 32 73 67 3 68 88 3 59 60 78 37 37 32 86 21 34 36 89 17 13 94 87 86 25 29 35 61 96 53 3 64 61 49 4 53 73 64 16 23 10 91 22 85 78 3 56 8 96 28 19 24 65 39 86 8 87 2 78 56 96 49 91 28 35 39 75 3 52 43 84 16 13 0 
3 65 5 38 13 15 43 63 92 75 20 31 70 31 45 40 43 38 85 43 0 42 12 67 89 7 98 45 99 98 59 38 71 69 77 40 87 82 80 72 41 23 14 19 13 97 19 57 33 10 41 76 28 61 53 62 27 98 89 50 17 72 81 40 47 57 53 93 90 22 77 2 31 31 66 76 93 51 82 24 90 19 36 97 24 67 99 77 47 79 9 19 87 17 87 45 41 94 17 65 
10 51 98 59 14 39 66 37 26 71 73 23 54 65 27 33 29 22 96 42 33 33 52 43 82 77 71 1 21 26 46 32 96 16 7 13 42 73 82 10 26 83 16 27 72 35 41 26 6 44 82 61 64 51 8 93 97 92 21 45 26 80 15 52 12 91 66 29 24 58 74 67 57 50 24 75 45 95 70 31 57 12 56 2 95 99 41 87 87 22 77 22 71 63 86 70 27 38 19 58 
62 45 95 62 67 64 6 0 64 78 21 32 59 27 91 67 93 67 49 63 77 46 27 30 52 84 31 73 10 7 73 88 67 60 23 41 98 48 46 90 91 75 30 45 27 89 73 54 59 43 87 96 99 34 60 52 30 48 75 53 16 84 93 59 94 29 34 74 80 84 34 88 90 60 11 37 43 37 28 52 50 71 44 99 36 62 10 36 41 37 3 84 39 82 15 10 30 88 35 77 
10 14 83 69 72 38 27 96 7 98 74 97 78 7 97 79 74 16 44 51 82 47 38 34 98 67 70 58 56 35 0 61 6 51 36 30 31 42 60 22 73 47 49 72 73 89 68 91 24 59 11 83 19 77 41 68 59 86 65 53 61 2 54 47 43 81 79 3 20 45 46 81 88 26 74 70 4 89 14 32 1 25 79 10 24 31 5 50 9 64 60 72 61 38 91 1 38 80 80 68 
8 41 82 70 66 50 61 59 70 60 0 61 21 20 34 53 54 81 42 26 98 15 87 43 21 89 48 93 83 12 66 80 58 98 95 50 94 26 0 37 9 22 18 16 87 60 72 32 75 4 96 32 22 20 75 38 53 15 35 47 61 19 25 79 30 10 31 88 79 0 94 16 72 20 86 94 37 87 48 25 10 77 26 14 90 27 60 95 46 6 8 44 99 64 98 30 48 72 95 33 
9 14 2 96 84 57 6 90 69 6 27 34 54 99 85 3 53 12 88 45 14 99 19 45 9 97 46 10 7 4 21 22 84 76 92 50 90 88 17 83 76 58 33 44 92 26 92 79 54 7 4 22 49 12 20 45 40 35 20 11 5 97 30 33 48 0 2 8 58 98 28 23 26 38 74 25 14 25 51 74 27 68 53 87 32 95 29 21 42 13 17 34 23 31 84 86 40 28 19 28 
1 12 39 53 72 26 41 66 96 25 39 31 91 20 27 8 12 6 64 4 38 81 36 42 37 81 29 17 84 14 9 30 66 75 7 87 35 64 32 29 65 55 71 33 39 21 19 28 60 52 42 41 79 11 2 23 18 94 48 69 43 68 9 67 73 32 45 6 24 10 71 47 89 25 66 74 66 99 25 61 48 55 41 24 16 20 26 15 76 25 82 14 29 63 47 69 85 65 84 48 
12 58 78 65 40 12 49 23 11 72 61 93 45 15 55 13 51 52 95 70 15 12 28 47 83 91 65 98 37 77 22 37 18 13 94 51 69 39 30 87 96 28 99 36 33 89 57 76 18 26 0 18 66 23 16 49 93 47 89 84 89 63 22 70 57 47 42 68 97 50 9 58 88 22 33 18 36 47 37 50 82 73 99 6 29 2 12 53 73 52 71 36 88 92 97 91 8 38 87 41 
54 93 59 65 28 31 84 1 47 45 20 33 5 10 86 26 83 96 55 80 26 43 18 24 30 5 49 71 2 91 11 63 35 26 81 69 66 96 5 47 19 93 14 84 18 52 95 63 61 51 54 36 12 52 62 19 26 64 20 90 0 98 0 95 37 38 19 15 8 98 97 33 39 3 58 35 23 83 92 19 24 53 83 88 34 99 25 12 28 33 10 71 84 88 73 6 80 69 63 20 
33 95 28 90 85 6 60 99 8 49 99 79 93 60 77 46 95 20 89 29 61 76 65 50 11 13 14 3 6 52 82 74 95 35 50 3 60 12 4 24 10 16 67 57 24 70 43 71 18 56 43 33 73 85 87 42 11 47 88 49 61 86 12 82 37 84 25 60 76 49 68 46 22 14 88 60 19 47 65 82 75 17 88 61 78 27 69 35 68 65 32 0 96 92 28 11 81 55 25 18 
82 88 46 92 64 24 89 24 38 24 66 93 74 57 12 36 49 35 38 77 93 26 1 59 97 15 65 45 43 27 52 71 57 10 94 9 44 27 27 60 7 35 3 65 15 18 63 40 42 68 87 91 36 69 47 74 59 7 90 92 31 17 40 12 34 51 27 47 77 23 90 79 38 33 0 96 0 79 1 82 48 75 88 90 12 30 69 47 40 53 76 47 86 21 71 44 15 94 81 32 
80 44 60 98 70 70 1 82 5 30 50 14 7 1 0 26 77 86 86 82 4 44 84 6 97 49 32 72 28 94 33 60 81 29 13 43 89 54 60 50 47 61 61 16 23 10 4 22 37 33 40 17 8 36 10 48 37 17 80 97 8 78 22 54 50 3 88 80 24 46 36 62 29 53 99 30 20 42 70 11 9 64 15 72 42 85 35 9 69 90 75 21 55 26 38 35 84 8 23 6 
16 51 7 84 65 35 60 0 47 1 33 59 50 44 43 82 54 5 66 51 67 20 19 74 56 40 4 62 74 1 34 87 29 64 37 70 2 74 45 68 57 91 69 68 84 56 22 20 59 81 92 38 70 9 61 74 43 27 86 25 6 94 23 70 77 75 74 36 89 25 99 44 26 53 2 5 55 40 71 97 46 34 97 10 85 29 29 72 66 66 70 55 9 83 66 23 51 18 69 78 
97 79 8 23 50 80 35 64 44 3 48 0 8 90 46 17 26 85 91 99 94 2 88 91 19 86 30 78 10 72 65 81 17 64 81 30 37 68 20 54 57 25 94 13 34 28 86 75 12 39 68 83 42 61 75 71 20 79 76 52 19 23 40 71 91 3 28 38 21 76 9 14 65 49 91 22 51 3 2 35 25 52 19 82 69 69 33 70 7 17 12 61 3 80 13 37 3 5 9 78 
23 78 23 5 42 32 25 92 40 10 47 52 44 64 51 3 93 94 55 49 46 75 18 48 76 68 40 53 44 68 45 57 47 39 78 4 39 78 19 88 60 91 97 28 91 55 9 90 83 14 8 43 73 4 2 27 74 26 25 0 92 98 26 86 1 60 15 25 65 61 78 89 82 74 29 95 56 88 85 76 46 72 17 96 53 47 43 29 19 68 49 1 91 42 25 33 14 92 35 10 
96 86 3 42 32 94 10 77 42 55 23 93 18 14 3 13 26 27 24 71 39 36 42 30 22 80 67 91 11 17 10 29 87 76 46 15 92 68 6 75 83 98 74 78 61 99 44 8 43 97 6 29 18 6 34 66 20 87 23 1 7 21 17 89 66 84 38 44 71 77 92 51 20 35 2 66 44 50 87 69 3 3 60 0 96 20 23 41 5 0 33 91 5 29 45 22 73 57 57 71 
90 26 55 17 42 66 99 48 85 4 58 42 9 67 84 50 81 3 59 13 13 36 16 30 21 74 32 50 77 49 62 99 2 30 58 3 55 44 81 50 78 68 0 41 15 31 91 17 95 21 9 43 87 94 70 74 3 41 61 12 77 35 30 82 80 86 41 88 67 29 83 57 2 93 27 8 20 35 7 15 91 39 28 2 90 21 80 82 34 26 46 56 69 18 78 29 69 35 5 69 
11 30 81 86 51 36 42 50 95 91 80 74 92 32 57 6 15 94 30 63 45 6 74 2 64 86 56 89 58 4 79 74 18 69 25 79 77 74 62 91 50 95 59 5 31 63 62 8 0 2 9 13 79 97 93 5 16 93 6 26 85 75 8 25 76 16 78 60 92 64 25 23 8 87 64 91 0 54 26 83 39 20 59 18 34 78 95 32 3 0 48 18 35 29 78 43 31 80 20 57 
31 62 33 70 70 26 95 46 75 71 99 26 29 22 59 73 15 72 81 39 83 13 15 26 16 44 39 84 24 85 29 67 83 59 14 93 40 1 1 1 30 46 78 68 73 34 29 16 99 50 50 68 88 14 4 63 27 94 96 24 81 43 69 40 22 40 63 31 99 91 14 21 10 95 43 52 40 84 35 36 51 82 81 61 21 93 29 22 79 65 19 26 78 26 15 47 74 97 43 10 
72 44 20 43 41 31 24 26 62 78 43 23 77 55 86 35 17 48 3 58 21 39 74 29 94 74 34 89 33 27 91 79 54 16 24 81 23 91 56 8 38 17 48 47 35 52 38 19 65 29 18 70 48 19 75 12 97 56 9 97 25 66 53 61 2 46 7 87 32 74 82 29 56 20 78 76 25 32 25 70 41 11 22 18 17 92 20 16 34 63 75 27 70 43 86 8 3 36 58 26 
91 51 46 89 30 16 84 69 86 23 89 12 54 63 91 63 70 63 84 28 37 41 56 7 52 6 66 97 43 72 82 77 98 63 67 63 56 7 67 53 51 91 97 41 30 45 99 48 97 5 23 99 32 83 33 89 46 37 85 52 18 79 96 24 25 33 76 16 88 64 84 34 63 62 25 81 63 71 87 28 62 19 48 47 99 8 72 15 90 61 27 88 82 11 36 48 34 16 26 21 
24 28 89 77 69 57 52 54 90 56 19 6 46 10 9 53 53 58 68 84 17 6 1 38 67 25 38 64 4 85 97 31 45 59 40 5 93 64 56 83 20 15 72 16 46 2 1 47 41 38 48 94 48 61 92 54 51 83 44 76 64 55 96 72 15 84 93 91 87 22 25 38 81 44 77 59 35 33 71 72 80 36 42 10 8 5 6 17 40 81 46 54 6 79 99 68 30 80 8 18 
98 92 41 93 35 8 18 26 70 57 50 45 90 4 68 77 76 17 80 46 91 38 59 64 31 29 88 24 19 18 68 51 44 61 14 10 24 67 8 83 96 31 32 50 67 58 20 66 62 81 71 43 91 73 54 81 85 35 43 30 66 23 64 78 4 9 71 66 87 9 64 76 32 75 31 44 98 14 27 22 67 17 23 18 64 16 23 49 19 39 14 82 53 21 55 47 87 77 52 40 
31 91 65 98 21 45 5 68 17 5 86 93 75 65 99 64 23 50 52 29 21 28 52 9 89 99 27 60 98 24 78 72 5 94 2 23 57 83 36 18 76 65 80 82 59 93 63 4 47 91 75 54 19 70 43 19 31 28 22 7 80 58 29 46 75 61 44 73 43 79 93 62 72 17 0 83 12 73 81 15 40 57 83 91 10 31 27 96 64 85 92 54 60 73 4 4 31 21 92 76 
46 4 75 80 60 67 32 92 26 63 24 75 48 36 43 90 70 23 46 24 36 10 6 30 83 1 93 47 73 39 99 70 62 86 38 28 29 33 96 29 40 14 95 81 26 78 54 35 77 76 50 89 22 2 25 63 1 67 44 22 4 13 1 57 32 90 95 54 24 24 53 71 96 33 12 5 22 8 86 70 8 22 60 76 41 30 61 83 4 75 76 76 36 83 54 86 36 32 75 41 
71 88 25 31 71 82 6 6 0 35 33 90 25 22 48 64 14 49 95 58 52 67 31 80 75 33 75 32 82 9 34 49 35 79 99 18 6 52 3 1 81 43 30 93 36 99 1 45 10 39 47 4 0 0 37 90 51 16 16 37 77 83 98 96 61 79 65 65 50 86 31 13 15 18 91 18 65 97 61 49 80 9 6 78 8 27 67 92 20 34 40 85 49 97 7 51 48 78 98 69 
69 72 58 26 31 97 22 47 83 36 12 41 61 53 23 63 68 40 3 70 21 89 90 28 3 46 30 17 6 95 48 80 98 89 25 29 14 13 27 15 14 63 21 96 28 74 13 11 52 46 94 75 70 44 39 65 71 48 85 80 99 25 18 35 38 44 96 97 40 39 62 89 15 53 41 43 93 55 87 94 43 73 36 84 75 45 91 18 33 4 80 48 75 0 29 76 71 88 41 94 
85 63 89 79 42 90 67 20 16 96 45 71 52 13 8 61 28 97 34 4 95 48 22 42 68 9 36 91 72 3 86 74 15 1 5 55 63 40 22 71 65 49 10 38 53 13 91 15 26 63 89 44 17 94 7 3 8 63 47 89 51 9 53 41 57 94 34 31 5 16 42 5 50 25 92 18 19 51 41 94 37 20 83 2 14 21 84 38 84 22 30 90 59 47 24 92 86 21 15 45 
33 95 84 35 78 12 78 15 64 85 23 76 71 11 77 91 71 84 37 33 42 9 42 84 60 76 70 58 40 93 49 46 58 48 27 61 11 41 5 26 88 11 57 25 77 68 29 95 52 27 98 13 55 32 63 56 76 53 76 72 16 60 27 73 55 49 29 69 51 40 86 33 41 12 92 51 80 32 26 27 18 39 9 2 45 52 0 76 48 60 29 36 69 52 91 91 21 4 80 58 
37 84 48 61 47 48 50 6 71 58 38 16 52 69 90 54 73 35 81 27 27 3 14 66 33 94 36 57 71 31 71 6 82 85 24 64 22 44 63 5 57 8 60 90 26 47 34 0 76 89 49 87 87 45 53 29 0 97 40 48 32 23 52 0 70 94 41 55 89 76 80 96 74 44 41 36 0 98 83 37 14 48 38 85 95 81 37 99 65 66 59 18 90 30 67 29 11 38 77 41 
25 41 3 53 87 31 20 84 83 75 4 2 44 17 98 31 70 16 39 51 60 63 83 31 6 17 88 46 3 70 41 41 70 37 33 73 91 62 19 20 50 1 27 90 51 6 84 38 22 36 38 6 41 38 84 77 7 42 93 66 1 95 39 57 60 80 91 11 90 48 62 41 97 97 98 55 67 20 8 86 17 78 96 26 45 95 19 78 18 78 87 46 41 86 17 12 44 91 80 27 
7 77 92 27 27 16 45 52 59 49 59 19 43 22 74 13 99 37 37 80 58 46 48 51 10 23 77 18 19 33 14 41 86 58 32 20 16 60 10 95 1 92 58 97 32 59 78 88 76 2 99 85 26 19 8 31 24 5 40 56 49 75 81 8 85 29 20 82 43 64 49 88 51 89 48 48 0 26 25 50 73 7 13 65 14 14 84 18 19 82 85 4 94 0 78 96 66 5 15 56 
50 72 59 16 64 8 71 98 50 82 63 33 72 72 56 23 82 74 12 28 69 71 1 88 41 5 20 65 22 18 97 70 96 22 4 85 6 13 0 46 57 47 71 6 78 84 76 30 18 82 26 59 40 80 14 64 67 30 88 32 66 36 24 47 91 68 83 30 96 83 0 61 40 82 30 58 42 82 47 73 57 42 22 26 91 61 42 65 40 73 42 70 39 53 24 30 49 97 62 2 
31 43 33 57 43 35 20 36 32 76 51 36 73 8 36 98 1 68 72 51 98 92 33 93 34 11 66 77 2 26 1 24 83 24 91 86 89 78 31 20 49 32 40 30 91 73 8 70 81 24 76 7 75 60 20 14 96 33 11 24 90 7 46 6 3 74 72 72 69 5 90 99 93 64 3 95 9 0 10 47 47 26 94 53 47 7 99 89 62 45 95 96 98 24 49 50 59 9 56 66 
73 53 30 55 27 58 58 65 53 83 90 72 52 10 49 17 50 3 93 89 25 34 33 49 32 14 55 85 85 53 58 45 23 42 44 35 64 68 1 49 61 42 1 66 80 36 80 79 22 58 75 78 55 22 37 98 5 23 60 9 59 27 72 27 14 70 18 55 71 30 94 22 99 49 12 56 34 4 58 27 61 69 32 83 68 92 38 81 28 13 27 5 27 47 33 11 81 86 45 45 
24 2 40 46 9 12 31 72 88 3 43 68 99 26 94 56 41 24 75 97 56 82 66 51 91 47 80 51 2 68 66 24 74 78 34 73 47 53 52 61 85 37 71 60 36 9 46 2 42 87 56 77 89 52 4 11 84 78 37 86 83 68 85 13 90 11 75 0 82 77 3 82 84 6 65 96 36 49 98 49 4 24 64 7 94 37 61 8 45 82 66 90 80 40 25 16 11 22 32 62 
95 80 54 4 50 80 11 2 41 45 77 1 46 49 19 55 96 74 79 12 87 36 71 81 71 28 48 25 6 95 60 13 82 94 21 84 7 72 21 74 95 75 91 7 60 75 72 94 84 82 95 23 28 98 12 13 2 14 78 47 17 2 49 74 59 76 68 52 25 98 75 79 56 83 59 78 24 76 39 2 63 74 4 7 32 95 19 69 8 59 41 56 74 53 44 93 92 90 85 82 
42 73 50 62 15 90 95 0 35 24 9 78 98 32 2 81 84 42 24 43 97 51 0 2 45 74 3 92 22 57 9 44 27 63 64 26 65 70 35 81 50 26 11 16 59 28 3 44 59 82 71 87 29 80 56 90 73 17 46 64 69 74 59 14 87 70 91 39 80 44 75 4 27 17 91 9 90 92 74 33 30 80 44 89 62 31 19 74 14 13 73 3 85 39 11 9 75 89 27 95 
5 60 69 68 97 84 7 1 93 93 97 25 39 85 84 66 94 93 46 58 85 12 21 21 20 58 63 66 7 45 89 49 73 84 91 68 61 20 74 90 32 90 16 63 27 12 46 59 79 58 46 92 34 27 68 87 77 3 80 47 22 49 30 42 64 69 37 56 48 68 66 39 13 7 4 41 32 53 86 2 60 60 17 79 61 50 86 97 34 21 16 8 21 92 8 80 3 2 97 34 
57 58 4 89 92 60 77 94 46 52 59 53 59 90 50 76 46 82 16 33 83 15 99 23 64 2 82 23 31 18 46 51 77 67 55 7 7 33 30 36 16 64 60 7 83 74 84 46 27 54 74 45 37 52 71 65 37 95 49 31 70 18 89 96 52 98 68 52 98 81 89 7 90 91 67 31 88 44 92 76 92 3 52 29 61 47 9 42 16 14 31 66 57 89 49 53 59 50 35 47 
62 96 48 50 39 27 73 33 41 40 89 98 66 6 67 40 76 61 37 64 83 13 67 97 22 38 25 59 41 9 65 47 32 73 40 7 75 89 83 15 91 62 33 56 75 42 1 87 86 50 40 16 99 10 41 93 85 32 75 81 38 16 59 56 18 41 95 59 83 68 4 69 34 95 91 83 93 89 26 94 72 37 85 76 33 95 67 50 70 73 36 4 69 24 63 61 62 68 6 64 
26 60 39 33 8 51 17 11 95 78 19 39 84 66 88 61 9 72 56 30 37 63 74 10 63 4 78 99 96 2 95 81 62 91 42 20 55 20 41 71 90 70 27 65 59 72 3 51 46 73 89 16 13 89 24 90 63 24 57 31 37 39 72 27 17 81 63 81 24 34 99 8 64 34 17 7 5 37 32 87 44 44 51 94 62 27 19 52 85 98 82 55 94 94 89 93 69 47 80 44 
74 1 26 36 76 15 27 9 16 67 66 55 88 19 53 84 93 90 10 64 11 34 22 98 10 71 36 53 76 74 63 6 66 97 10 26 85 98 15 80 38 11 71 97 24 33 71 9 84 17 76 34 33 97 52 48 99 91 82 11 73 16 45 44 63 23 17 82 27 57 78 81 2 8 90 43 51 96 6 9 79 61 11 3 53 70 55 24 19 15 18 12 25 98 62 65 74 76 36 47 
7 81 10 44 19 41 73 17 78 82 28 11 3 99 83 73 21 57 8 25 84 85 43 0 36 57 72 56 26 0 6 57 21 71 66 54 85 41 47 71 36 57 51 87 65 8 90 24 51 33 25 46 92 89 26 32 24 84 60 34 1 57 29 35 96 49 48 60 28 12 3 15 55 35 32 42 53 63 49 60 3 31 72 6 23 89 8 98 49 6 12 68 58 81 80 71 66 24 23 43 
54 47 85 45 45 5 37 79 71 40 7 78 82 45 48 18 88 55 93 39 92 54 18 31 27 55 1 78 80 57 24 60 98 60 84 68 12 52 66 44 12 79 88 93 17 59 3 94 89 72 63 59 45 37 61 87 16 70 22 33 63 53 6 14 68 5 77 37 14 24 37 98 86 68 9 64 2 81 63 63 97 61 30 60 49 10 75 65 48 60 21 7 71 65 25 93 78 1 37 42 
89 29 72 81 28 36 24 49 17 35 92 32 12 28 56 2 65 97 94 68 78 99 65 94 27 13 2 21 86 89 0 78 83 7 6 41 41 49 14 61 67 84 26 79 82 39 3 26 50 59 99 88 90 33 21 61 39 94 46 65 22 22 92 22 63 89 53 50 73 78 21 28 80 0 9 16 14 29 57 91 38 16 53 41 27 70 97 41 34 4 5 60 66 74 85 7 36 62 43 44 
98 74 9 49 41 19 88 13 27 83 21 11 93 41 6 89 50 14 73 24 63 90 60 28 66 84 64 96 31 8 12 13 0 87 43 86 68 29 8 67 26 57 54 52 97 67 24 11 99 23 38 88 30 98 0 42 48 6 28 45 14 52 31 31 73 65 93 86 27 38 27 63 88 76 14 10 29 58 35 21 28 52 82 98 80 75 24 94 23 46 26 5 60 44 83 90 61 40 19 77 
39 34 18 71 94 97 52 84 94 30 19 1 62 84 61 83 92 89 94 35 30 8 9 9 63 82 24 69 24 39 42 66 91 48 77 88 83 67 92 12 10 65 42 77 90 85 5 41 8 56 10 33 44 46 86 0 47 87 61 3 13 33 31 2 67 4 7 54 82 34 67 53 50 16 10 15 36 94 14 92 90 30 72 69 20 13 80 20 54 19 4 39 22 89 9 26 94 79 76 10 
43 77 93 79 30 53 9 21 24 26 47 8 16 24 36 76 93 92 82 94 14 85 67 81 8 14 84 33 63 19 82 49 24 51 62 90 29 43 35 37 22 22 84 49 3 45 25 90 33 51 87 9 12 20 96 96 19 38 16 71 77 67 30 43 0 49 23 75 47 59 25 88 71 86 42 0 42 39 8 67 86 9 4 30 83 56 71 39 47 52 49 32 7 95 40 7 89 15 68 81 
53 95 73 39 34 54 44 5 56 68 49 73 84 69 37 91 65 18 20 98 15 66 26 58 68 64 45 67 9 10 32 47 43 39 42 19 25 35 24 16 62 88 69 97 43 15 55 7 31 33 28 23 97 18 63 12 86 43 76 72 1 3 31 62 45 63 23 7 77 74 38 4 72 61 53 54 50 11 16 50 24 80 49 86 83 78 58 40 64 64 77 62 53 44 45 56 20 6 19 36 
88 27 49 20 44 70 59 79 84 88 82 21 79 95 80 20 10 59 60 99 72 30 48 47 39 91 57 68 61 62 2 9 1 6 47 15 93 21 97 43 21 23 45 78 57 42 52 97 71 37 83 13 26 25 67 0 11 1 10 49 76 71 77 69 7 21 75 79 48 54 93 99 96 68 20 19 38 45 26 33 56 23 19 19 70 85 16 62 74 29 29 11 96 26 84 20 70 79 5 82 
10 82 83 47 22 25 97 15 99 99 76 95 94 8 88 52 37 94 16 90 1 16 84 91 37 69 14 49 0 98 32 90 74 57 60 23 26 99 84 69 32 27 83 8 14 22 62 30 18 36 39 56 91 22 0 47 49 33 8 88 89 53 86 85 17 91 36 73 91 36 74 95 52 4 66 29 92 28 41 70 10 64 3 42 76 50 89 53 54 32 38 52 87 46 87 24 2 2 72 31 
7 41 0 35 81 52 9 52 10 71 18 2 58 56 34 5 63 46 82 49 70 66 15 42 42 74 16 5 47 84 50 95 1 61 15 7 51 44 14 57 77 0 13 74 12 91 18 54 43 24 43 94 2 3 84 21 19 35 36 65 44 93 93 25 55 76 96 3 88 19 74 63 82 13 81 44 27 87 55 15 40 70 42 68 42 14 94 52 5 27 94 73 90 22 73 64 91 65 56 25 
19 28 62 5 94 28 58 55 95 8 99 15 2 18 76 44 26 75 88 73 54 12 4 8 14 41 23 62 27 93 53 41 85 91 47 34 23 95 32 7 54 82 87 7 89 59 4 42 57 37 97 44 45 62 4 45 93 21 14 30 0 95 72 62 90 84 81 92 41 80 72 74 38 7 97 4 3 36 69 32 67 27 97 15 34 38 86 91 44 78 78 26 9 51 83 44 55 30 71 14 
11 74 26 25 55 75 68 28 84 78 11 2 63 17 70 65 56 58 56 70 83 88 38 87 16 75 93 60 99 10 92 21 80 31 91 58 20 66 9 38 98 51 17 9 52 99 78 58 14 73 20 47 74 67 15 17 38 92 32 86 78 55 26 92 56 60 3 52 80 99 40 93 67 43 40 1 65 64 94 51 98 39 75 84 30 6 15 87 98 7 78 3 28 56 41 86 25 89 60 77 
15 29 93 60 24 25 82 11 76 71 10 55 74 55 74 21 71 66 19 21 9 44 71 20 4 53 51 42 54 4 91 69 74 94 88 30 14 29 38 13 0 49 50 83 0 60 1 0 2 88 21 95 49 15 72 76 31 12 46 97 15 93 0 50 63 88 33 72 73 39 59 91 48 10 34 68 76 40 32 51 52 76 12 25 92 90 55 44 21 81 73 55 27 83 93 77 75 16 35 92 
11 82 61 10 91 20 24 88 20 83 50 29 66 23 95 46 32 74 44 69 40 65 80 51 17 39 30 96 0 55 73 71 1 89 32 97 23 86 13 52 72 51 17 9 97 88 81 80 9 99 27 98 91 1 85 98 97 66 15 6 9 20 61 80 42 91 11 79 30 4 12 46 52 42 26 3 19 46 37 27 70 98 71 18 34 80 30 44 98 91 43 0 70 2 90 9 48 97 52 15 
92 76 36 46 41 20 46 46 60 64 6 27 53 96 57 63 26 34 90 65 61 27 86 36 12 86 91 5 79 36 93 53 79 5 74 55 25 12 64 59 56 32 54 84 73 93 62 87 18 33 2 91 53 53 7 86 33 93 51 68 29 6 97 42 51 5 63 41 75 48 73 13 79 35 94 50 16 87 60 78 64 81 24 51 72 9 6 84 36 10 80 92 46 31 77 25 46 19 23 20 
90 12 68 52 48 5 24 93 16 37 72 58 34 36 98 76 1 28 32 63 20 4 82 5 79 69 34 64 22 42 14 69 87 17 72 73 11 87 40 42 96 7 62 59 48 64 92 57 90 84 84 5 45 65 86 65 19 84 50 41 49 26 73 45 76 40 77 43 41 61 78 5 34 15 75 96 88 21 4 60 10 95 21 66 90 91 4 99 6 5 10 5 38 78 70 87 7 16 48 45 
87 63 69 88 63 79 33 58 69 7 39 45 7 49 48 35 96 10 68 10 9 21 16 98 91 2 60 37 85 58 67 71 66 86 8 18 92 31 13 63 55 62 63 24 0 27 52 2 73 68 21 93 81 88 55 57 76 98 79 28 0 70 98 69 85 93 87 19 17 41 15 42 89 86 55 34 71 93 49 96 47 67 18 92 40 75 27 74 47 57 64 32 94 31 39 38 1 61 53 69 
63 82 14 85 71 29 32 25 60 70 97 59 96 19 55 28 41 74 86 27 9 91 70 47 77 71 30 33 25 21 53 38 74 60 51 20 88 23 28 24 96 85 59 53 66 69 46 88 80 90 15 36 55 49 1 50 8 84 14 9 56 30 44 40 35 22 96 88 26 2 4 35 6 93 37 96 56 43 87 31 99 61 0 88 98 47 22 42 56 10 62 33 99 29 95 34 52 4 91 65 
13 90 39 60 0 18 46 43 33 28 18 75 49 8 10 80 1 70 14 48 10 4 0 2 86 34 95 38 50 70 19 80 71 9 1 4 87 70 9 30 72 25 99 58 45 58 64 36 64 96 17 28 30 57 39 94 41 38 21 26 44 48 56 72 58 25 64 96 52 1 18 79 78 23 55 4 77 76 78 99 16 83 39 9 47 47 62 58 66 94 4 87 97 35 25 72 37 12 6 42 
31 13 71 68 59 62 66 3 50 10 55 21 78 3 10 20 55 33 41 93 86 37 1 48 98 13 59 71 50 77 1 47 57 82 6 42 14 8 29 74 69 96 91 36 29 6 47 37 19 15 2 71 23 16 8 47 84 84 5 21 69 54 7 95 14 36 50 77 68 61 69 40 71 23 42 4 33 0 60 95 77 84 48 77 29 37 99 9 40 96 74 45 44 3 63 82 94 81 31 23 
3 7 26 5 46 60 70 69 4 10 21 56 62 66 91 9 62 62 21 23 82 52 45 42 5 36 44 81 22 74 70 47 34 70 78 40 24 4 57 73 80 47 90 71 91 91 3 34 49 56 25 33 75 2 89 81 80 12 96 37 70 77 11 16 36 75 41 24 82 42 57 57 85 29 89 89 26 60 3 33 50 17 70 13 67 79 79 35 78 56 54 34 66 97 70 22 8 31 55 0 
25 9 90 32 38 22 66 83 15 45 85 18 41 44 25 13 90 46 79 89 31 36 97 12 75 46 54 36 68 82 82 85 95 75 31 52 81 36 82 93 7 80 7 84 66 66 12 65 6 59 42 63 88 16 8 83 84 13 33 86 97 41 80 57 80 38 61 62 10 41 0 32 46 7 60 17 45 50 1 94 64 51 85 80 18 69 64 6 59 45 92 51 96 25 79 21 18 59 40 5 
39 58 79 29 27 18 60 50 30 35 87 13 7 45 41 29 30 93 21 72 47 54 90 96 62 7 0 58 5 27 18 31 29 12 22 57 70 23 71 58 7 23 8 6 77 46 92 51 15 4 72 84 76 43 58 53 66 90 76 64 78 2 41 6 72 4 43 87 31 58 11 91 45 50 11 81 7 8 2 61 96 39 26 50 11 49 14 49 1 39 31 3 40 69 10 79 92 37 73 9 
75 42 93 8 34 89 12 4 52 9 3 19 88 42 89 15 71 70 41 35 54 70 10 20 63 40 7 42 18 35 59 66 69 88 64 15 45 78 24 19 57 63 80 98 90 34 85 41 69 30 67 1 51 81 69 95 21 20 14 35 91 97 50 9 99 61 62 39 2 50 66 51 79 18 1 56 32 81 14 12 64 80 25 5 5 93 10 26 94 93 6 34 6 70 46 52 86 75 56 35 
72 8 8 10 86 63 62 80 86 39 99 13 36 49 42 77 73 40 13 25 7 97 36 46 79 64 35 71 83 81 72 1 89 97 94 86 14 61 14 60 89 71 16 42 57 81 51 71 78 37 25 60 70 34 84 0 72 51 24 84 11 79 5 4 72 41 16 41 38 83 43 99 75 72 85 52 85 59 55 86 95 15 76 95 72 51 51 87 38 43 14 1 70 13 53 73 77 46 78 5 
93 81 36 50 50 37 81 47 92 56 80 66 95 99 15 46 1 13 32 81 20 27 39 91 70 59 63 23 80 36 75 1 53 56 91 42 97 35 71 92 26 77 31 11 66 15 12 83 76 53 61 63 67 68 24 98 96 43 39 75 9 15 32 13 15 71 19 97 85 4 15 55 54 25 80 62 47 7 38 41 27 22 87 43 23 45 13 26 63 35 72 47 94 81 28 76 49 59 90 54 
18 47 32 34 44 40 93 57 45 75 98 60 72 43 20 61 81 5 85 73 82 6 39 58 9 22 70 91 77 90 51 75 67 30 3 90 19 68 16 33 40 55 35 59 68 50 91 54 5 21 35 89 12 92 51 97 84 13 14 16 87 63 83 76 54 15 73 82 74 81 37 57 4 72 64 40 42 63 46 91 9 29 6 52 21 70 24 9 50 34 33 74 58 38 3 58 67 97 49 29 
38 45 29 71 40 92 70 11 97 76 33 5 48 13 35 74 63 69 23 35 91 45 52 59 76 89 22 66 44 32 5 8 11 55 99 19 36 69 32 19 99 23 42 72 14 23 33 15 97 91 90 6 13 89 23 64 21 5 4 75 24 2 4 69 49 3 61 38 37 81 41 85 8 68 38 85 67 91 26 5 68 88 28 8 39 37 34 9 19 20 20 95 99 52 45 9 7 8 58 48 
93 57 97 88 93 1 56 81 90 86 3 41 48 79 11 66 98 1 13 74 16 27 29 55 34 55 2 32 86 31 9 3 14 91 73 46 69 4 92 37 34 69 28 32 18 78 47 76 5 79 57 28 74 6 77 14 36 56 2 40 4 47 2 86 27 34 18 28 72 77 87 50 56 62 34 9 72 52 39 79 20 37 83 58 19 93 0 43 28 25 48 92 75 74 86 3 26 56 45 98 
53 80 12 22 60 86 7 67 97 70 44 37 72 60 68 50 23 12 8 46 45 69 3 67 87 18 84 25 40 21 78 20 55 93 11 38 51 9 37 6 78 40 69 92 20 77 44 61 23 81 91 68 18 74 66 61 37 87 81 72 0 37 17 97 12 65 18 92 90 51 46 29 89 19 58 78 98 64 22 2 54 61 46 60 47 47 73 11 53 41 53 99 48 48 73 30 37 55 16 23 
35 47 86 93 39 12 69 59 82 95 49 16 33 74 70 53 95 22 52 25 12 16 79 20 60 83 50 59 85 9 82 99 25 70 47 42 9 24 77 51 83 83 78 81 18 26 10 43 20 44 99 91 82 78 10 54 30 74 33 68 27 36 48 11 41 88 43 55 61 45 84 93 89 35 19 12 8 89 78 22 65 18 27 42 5 21 60 86 38 75 79 22 15 75 66 53 17 98 22 33 
75 75 45 3 54 47 11 29 95 68 18 74 23 30 73 11 46 86 77 93 72 37 49 54 75 15 79 13 74 75 34 63 83 5 80 7 70 55 98 86 17 56 33 73 54 71 9 1 0 90 21 47 10 39 55 88 59 27 1 98 64 28 10 51 63 79 37 90 21 0 85 11 45 82 63 77 68 39 12 1 15 69 25 29 21 86 89 73 87 67 8 88 82 84 84 62 89 1 29 77 
87 62 85 45 2 40 57 38 61 19 85 31 64 10 19 67 1 53 55 1 99 5 66 32 4 69 48 9 3 23 60 23 99 31 41 85 85 90 74 81 55 99 16 4 23 79 43 49 91 22 35 16 96 92 84 4 47 61 11 22 92 20 88 29 32 29 3 41 58 11 16 30 41 34 42 67 9 39 64 26 41 43 10 27 77 47 96 32 83 74 56 50 49 59 61 39 69 22 18 87 
43 51 20 77 74 73 88 32 16 61 46 17 40 82 73 93 12 4 19 82 6 55 21 58 83 96 64 81 76 21 16 86 93 10 33 75 38 93 66 65 94 86 34 87 62 38 55 59 17 94 92 26 20 27 73 63 4 48 67 44 73 60 30 64 88 63 34 72 56 4 29 86 39 74 35 21 54 75 89 66 81 20 83 18 88 65 15 2 84 11 36 38 45 46 14 32 32 96 61 74 
25 27 94 79 52 70 2 56 5 76 42 2 56 92 21 20 17 93 87 62 40 77 81 68 85 39 13 42 98 36 45 80 17 73 47 43 19 33 6 97 85 25 19 31 56 99 19 18 98 98 4 27 83 86 99 29 46 49 84 75 59 21 4 56 48 98 5 46 72 32 36 8 90 90 25 14 33 32 49 21 11 28 19 0 72 70 19 88 96 46 89 68 78 86 31 20 21 23 77 42 
72 48 38 35 58 15 75 60 84 1 25 20 31 72 28 67 50 85 93 43 30 81 33 72 4 34 88 20 98 15 98 11 69 1 87 35 42 2 2 41 43 26 60 73 9 46 53 17 77 25 87 59 68 52 62 77 15 78 37 68 7 2 63 36 42 24 39 91 99 68 42 45 78 39 45 41 6 35 76 27 31 53 31 3 75 11 72 7 69 3 75 79 93 11 54 73 17 97 68 28 
84 45 67 77 80 7 34 33 82 89 1 27 29 99 22 39 31 45 29 26 89 13 18 98 24 19 85 64 99 84 13 86 86 32 38 59 24 27 86 60 2 22 58 38 40 40 86 95 80 85 46 33 5 38 79 26 94 59 84 33 44 6 81 21 79 85 26 69 1 76 12 85 49 70 21 61 75 70 58 68 44 33 97 82 36 84 43 44 2 30 47 25 84 55 21 64 97 77 17 30 
97 78 70 94 82 63 15 56 31 47 80 23 23 90 87 49 88 60 66 37 68 74 90 61 56 23 61 97 29 41 93 72 73 75 44 81 0 87 81 51 57 35 94 76 45 42 19 39 68 34 7 85 47 75 47 41 41 37 98 85 86 0 20 51 19 66 68 66 46 82 71 27 25 68 20 16 97 79 0 77 18 11 9 83 92 0 80 76 2 25 59 33 14 75 82 85 23 40 41 27 
