85 0 5 43 72 49 31 7 41 4 40 31 56 42 65 43 21 8 48 70 90 20 40 95 22 46 91 17 70 50 
54 56 60 94 73 58 97 48 16 78 62 32 82 20 35 30 85 36 92 28 21 55 25 70 16 16 36 82 64 34 
24 41 19 0 54 61 99 37 41 61 27 68 27 8 2 42 86 17 14 74 77 41 68 4 10 93 54 75 48 60 
19 46 67 14 45 57 58 22 14 99 34 4 83 94 15 76 16 38 88 46 49 79 46 7 72 28 33 98 27 99 
18 20 10 47 60 47 59 46 37 22 28 22 59 88 91 93 87 73 25 81 40 86 78 54 76 82 38 86 43 30 
81 89 17 38 30 71 92 61 44 7 94 52 93 7 49 71 88 16 75 78 12 35 27 40 70 74 89 54 32 58 
68 39 36 97 39 29 32 14 46 12 10 55 53 54 79 40 70 68 69 69 21 96 29 37 13 13 15 35 89 95 
77 90 49 92 68 81 61 57 48 15 7 9 20 23 35 47 7 33 32 61 19 28 96 26 86 78 72 57 48 3 
33 8 59 8 65 21 55 70 62 39 23 56 87 3 96 35 47 24 44 48 48 59 3 97 92 55 69 46 20 14 
2 31 21 84 36 0 25 93 92 25 53 65 42 14 31 54 20 27 86 12 45 19 85 39 8 14 25 37 81 13 
31 31 14 2 62 32 10 45 60 51 64 64 42 39 83 84 3 3 9 3 42 34 86 38 24 89 20 91 21 40 
53 15 5 88 14 97 74 22 62 81 72 98 61 23 28 28 62 26 42 96 8 44 49 68 42 1 43 58 45 34 
34 49 10 77 83 55 36 83 87 10 67 46 63 63 90 30 3 50 7 11 7 49 89 88 48 86 59 19 20 8 
16 66 85 62 41 43 75 40 44 8 94 33 14 9 41 57 98 99 64 34 15 81 53 3 2 98 57 65 24 83 
10 90 20 46 74 10 41 1 46 2 6 61 32 42 19 95 49 51 83 35 55 30 72 6 96 57 59 34 96 65 
48 26 78 90 15 23 24 18 60 81 39 3 15 17 19 7 78 19 20 12 36 93 1 43 77 76 93 4 85 44 
55 95 91 57 64 10 22 86 3 80 24 42 40 49 66 4 13 95 93 60 84 19 94 57 79 10 64 85 82 65 
62 10 49 25 46 58 13 62 52 5 29 26 46 57 16 75 42 94 95 16 32 5 81 17 55 66 63 37 12 69 
65 45 9 27 77 87 51 26 17 77 38 43 74 24 41 29 44 71 93 2 78 92 6 38 85 61 60 69 85 47 
75 88 76 59 58 32 38 40 70 20 4 99 48 30 43 0 37 6 22 20 8 83 10 76 44 19 86 5 58 13 
82 95 73 58 91 93 36 34 7 21 85 16 81 8 35 72 51 89 65 19 93 76 51 99 57 92 68 82 72 71 
10 55 88 96 5 1 99 50 34 10 55 55 94 89 39 42 17 58 10 35 39 86 79 58 16 39 75 97 11 4 
62 69 85 80 74 34 97 61 39 56 99 94 58 31 88 28 23 79 17 50 79 28 23 32 8 33 73 78 10 80 
14 71 6 56 76 29 9 13 45 5 34 58 11 71 84 4 79 88 39 70 34 95 40 31 55 19 91 83 69 2 
20 26 51 28 17 81 76 34 48 99 91 88 79 9 61 26 69 32 42 47 34 53 64 20 96 60 66 16 62 4 
52 7 13 18 81 54 43 88 34 72 48 6 22 67 82 55 34 8 14 18 68 83 10 61 22 16 67 95 0 85 
51 46 13 18 13 63 50 38 88 70 38 63 59 42 3 77 52 4 70 20 53 88 37 12 23 10 23 9 33 80 
6 73 13 13 42 21 94 75 72 64 79 23 79 82 2 43 11 39 17 30 5 21 27 77 41 20 33 36 94 1 
30 49 6 37 90 52 20 78 62 50 4 15 21 20 51 43 99 35 92 85 3 23 39 76 33 98 26 3 48 53 
95 1 34 30 37 77 99 22 57 20 63 58 86 83 77 94 76 69 26 27 46 24 82 81 26 67 97 15 45 75 
