48 72 94 27 22 59 26 71 24 4 53 10 69 99 16 41 9 61 28 72 49 35 26 98 17 23 27 98 41 26 64 84 78 89 26 73 64 76 73 38 44 71 80 92 87 40 67 95 97 0 
70 73 76 60 63 14 28 39 76 66 92 4 20 66 4 13 58 36 20 98 54 18 92 88 56 43 87 29 35 38 85 61 51 40 15 73 34 77 42 4 43 36 74 29 25 95 77 59 36 94 
9 0 11 25 78 94 43 6 45 18 3 16 26 50 31 98 72 54 10 90 53 8 42 43 95 18 91 16 80 78 56 57 10 2 56 51 26 20 10 60 49 71 78 37 39 76 96 22 79 26 
55 31 72 33 50 63 64 37 99 19 32 99 70 18 21 25 92 27 14 23 14 41 0 78 87 7 53 69 94 66 99 87 3 47 42 23 1 28 21 36 13 50 95 94 44 24 2 1 94 86 
69 65 87 60 93 85 4 57 34 21 61 23 58 37 16 61 4 76 92 49 87 89 32 35 87 9 86 15 53 77 65 34 12 93 78 77 91 18 97 46 14 64 83 56 72 93 7 35 75 90 
83 59 25 67 77 92 5 18 9 19 7 51 23 74 54 54 65 39 20 50 82 33 44 54 74 1 90 76 11 14 50 55 4 61 59 3 89 19 97 87 21 74 13 56 24 80 49 84 28 16 
38 85 37 15 62 25 5 18 79 96 26 65 51 34 92 9 24 97 60 77 91 63 26 28 13 94 62 55 83 64 98 20 0 49 55 88 31 35 25 19 87 86 53 11 37 2 50 26 23 43 
28 14 16 46 21 36 10 76 33 63 69 72 13 27 32 93 58 12 20 37 64 76 32 65 10 31 20 14 84 44 39 47 40 13 48 65 70 59 19 74 83 1 24 88 1 6 19 64 53 32 
80 63 18 66 77 39 19 11 19 80 44 65 3 5 48 93 52 58 35 88 73 65 28 21 90 14 49 20 0 28 0 63 13 53 83 32 76 17 83 93 91 51 91 89 24 33 66 94 20 18 
15 14 77 90 31 21 81 76 23 24 34 75 44 20 11 8 10 76 52 98 10 38 52 30 32 85 54 93 47 30 25 99 58 81 19 1 10 35 38 79 26 9 50 92 60 19 84 53 71 41 
3 83 87 23 32 3 99 45 96 52 55 10 35 86 55 5 70 5 80 35 37 21 44 28 22 48 82 75 64 30 20 63 26 32 82 59 97 63 98 52 30 78 95 36 92 58 74 6 78 51 
71 60 39 20 60 3 32 32 98 1 40 77 45 45 21 32 80 2 5 67 34 34 56 76 15 6 84 79 4 22 17 94 32 29 27 58 85 40 66 6 52 84 61 95 15 20 2 10 68 45 
88 62 95 34 78 64 10 42 88 79 24 9 94 70 94 30 3 2 32 1 0 57 73 85 18 21 32 79 63 25 0 30 15 88 88 7 92 83 41 99 70 74 31 89 53 49 72 34 17 17 
49 49 5 86 91 22 1 34 62 5 55 26 35 73 1 86 74 34 32 76 78 81 6 15 24 86 44 11 18 96 7 38 83 49 52 39 59 96 24 64 22 22 33 24 69 80 4 50 53 97 
38 90 46 60 39 21 16 77 90 73 17 0 12 41 1 31 63 27 27 85 47 33 84 79 57 68 17 25 59 21 19 52 4 0 69 84 11 14 51 55 47 37 97 12 87 55 11 42 66 12 
62 41 65 46 30 88 24 6 30 2 48 10 48 87 16 76 73 51 55 73 70 59 57 46 47 83 48 1 55 70 53 58 51 67 24 81 45 11 95 67 34 54 39 80 16 29 44 54 53 91 
93 17 97 51 41 5 82 86 16 73 46 53 20 31 5 68 17 38 24 78 71 77 70 71 81 80 6 7 14 47 67 45 82 84 40 94 76 34 17 59 45 27 85 7 57 81 79 76 56 16 
0 54 68 66 20 31 79 84 71 22 29 46 38 2 46 54 38 63 81 51 55 5 53 91 14 39 62 62 72 76 5 21 27 19 41 40 62 84 6 86 40 72 73 16 58 97 33 35 49 16 
96 89 86 69 56 32 44 6 44 82 20 1 55 5 40 60 65 47 63 75 4 33 77 92 83 96 57 29 61 47 51 43 31 92 82 99 30 54 26 35 34 81 96 13 84 75 46 53 64 87 
79 20 64 23 6 81 22 68 44 77 6 10 49 2 60 6 55 45 55 28 68 79 51 96 93 56 57 1 72 92 37 8 52 23 18 62 29 26 60 97 41 67 56 79 7 67 88 66 2 34 
97 8 69 66 62 2 65 47 35 58 93 46 50 34 25 74 99 98 27 66 89 69 20 2 44 18 37 40 54 76 47 33 89 37 99 29 97 28 68 99 89 55 64 3 42 89 35 23 56 27 
6 11 55 62 34 42 40 55 64 46 47 96 85 17 3 95 5 7 97 86 79 55 60 49 41 91 74 84 20 11 5 64 69 57 73 61 15 86 16 43 31 46 83 74 98 53 32 27 20 96 
68 8 15 48 27 86 45 32 43 72 61 42 80 96 0 45 92 53 73 8 43 46 71 87 71 92 2 14 46 92 13 59 7 23 24 61 52 72 96 65 86 4 89 23 6 7 63 88 38 54 
79 39 64 60 84 98 94 51 84 57 40 93 53 8 45 33 36 20 43 81 4 36 60 24 24 20 41 88 14 68 28 3 0 38 21 28 65 61 23 24 41 11 81 14 29 61 33 32 70 77 
97 22 99 70 73 7 9 30 53 54 97 36 84 99 58 6 0 15 7 73 62 26 30 30 1 59 33 41 29 18 80 76 8 67 10 41 53 51 74 39 51 87 28 26 91 70 19 40 13 7 
0 20 29 41 72 60 45 87 31 24 11 12 48 46 60 79 78 86 35 16 31 25 30 93 34 16 16 1 19 93 22 17 2 23 66 18 65 73 90 36 49 41 12 73 69 87 69 28 7 32 
60 50 90 31 55 43 31 93 69 0 67 31 25 90 27 79 40 76 96 5 62 88 56 78 47 11 9 46 58 51 20 84 4 24 28 7 52 41 1 84 2 4 43 38 65 39 60 68 91 90 
80 91 87 64 24 98 44 71 7 23 49 40 52 91 98 72 37 75 75 56 18 19 66 49 37 10 35 98 65 28 25 96 4 44 51 44 20 7 22 27 31 64 68 84 83 65 87 57 60 53 
3 84 64 39 60 59 93 50 95 25 68 78 59 85 49 22 23 1 10 7 63 89 49 24 92 89 65 16 26 59 64 25 58 67 56 7 92 70 58 9 54 2 78 36 53 6 87 97 36 85 
92 37 52 27 54 58 81 17 98 50 9 41 84 18 19 22 61 50 62 63 68 2 80 27 68 66 58 74 46 32 64 7 23 19 83 76 59 48 75 11 39 40 32 72 54 90 47 78 90 2 
1 97 56 37 56 21 61 2 41 6 9 58 77 35 69 34 98 86 40 91 87 11 49 16 74 17 47 8 66 29 0 23 50 50 59 77 60 89 85 40 66 29 79 94 44 28 68 40 39 85 
43 34 0 3 68 6 77 81 67 62 63 13 88 19 91 22 91 78 59 45 32 73 52 75 45 71 93 83 13 36 43 69 48 79 58 51 59 3 85 20 15 62 1 60 80 30 20 32 83 70 
93 19 85 59 19 25 24 21 84 71 31 11 63 15 31 44 17 86 77 43 54 89 97 5 74 6 24 57 42 51 66 58 4 51 39 61 16 78 52 98 49 60 21 11 80 75 46 3 29 27 
95 50 40 26 71 4 23 84 78 23 79 36 86 5 45 13 13 75 72 27 14 46 35 85 98 75 57 28 10 13 19 7 12 55 62 45 10 64 3 41 15 5 99 72 36 46 60 16 5 94 
30 1 20 92 9 0 48 2 82 54 21 57 91 5 67 13 4 55 2 40 13 40 55 50 32 14 66 39 18 18 87 24 95 11 2 26 8 49 20 77 59 37 43 67 30 82 27 91 25 81 
76 38 38 70 45 32 59 37 49 87 66 74 41 2 85 78 39 9 23 82 55 69 33 92 67 2 21 23 87 81 82 23 65 86 31 33 51 22 88 87 53 29 83 18 13 85 35 8 83 71 
53 16 32 11 49 35 15 31 36 24 4 98 13 29 54 67 6 0 19 39 8 2 99 58 5 8 27 89 68 53 16 38 21 94 89 9 47 98 78 63 77 37 22 68 73 37 74 88 47 17 
28 41 3 91 55 64 68 78 84 86 47 3 41 15 92 70 91 47 17 6 19 8 17 50 44 75 48 42 49 9 70 41 44 98 41 41 91 19 31 99 67 54 12 37 47 22 55 88 68 93 
73 46 45 21 40 95 75 3 29 28 90 69 48 54 58 97 0 63 99 95 83 95 74 80 71 78 48 19 0 19 29 40 47 88 14 43 97 15 79 49 31 60 71 35 23 53 46 95 54 53 
83 54 61 2 14 30 5 14 80 20 46 35 66 44 19 82 17 72 32 46 88 84 98 37 44 90 29 90 12 25 35 59 88 88 39 24 93 86 28 13 47 4 66 67 96 88 99 75 28 68 
85 98 12 44 65 51 48 5 29 70 61 0 28 12 59 37 75 47 44 45 30 13 66 42 1 94 60 67 39 37 45 54 68 91 42 55 7 81 24 39 22 83 78 24 3 27 73 92 70 74 
46 85 78 27 55 45 66 74 66 28 77 43 70 24 87 0 34 77 35 85 30 58 47 17 5 23 0 87 87 62 0 15 56 3 7 99 16 83 98 13 45 93 89 35 46 66 2 60 53 54 
49 45 30 46 98 7 9 97 6 50 17 14 69 66 1 86 18 81 64 4 5 34 48 44 51 48 83 16 97 28 86 89 72 28 34 54 82 71 70 66 86 7 84 40 42 55 99 13 19 94 
38 79 14 90 45 94 53 65 55 12 64 96 52 76 18 51 8 87 14 24 56 59 98 39 39 40 87 24 27 15 41 21 62 4 80 0 16 21 33 91 56 19 46 37 94 85 94 9 70 0 
44 80 99 38 34 86 60 68 36 66 99 99 81 94 44 32 57 19 99 39 37 15 21 20 65 21 24 87 87 80 87 46 78 54 46 80 77 36 72 35 38 97 43 89 98 16 80 35 27 9 
68 47 91 16 21 34 57 53 21 83 30 84 39 70 6 29 79 87 51 75 91 60 44 64 10 54 6 22 9 29 98 3 25 17 4 72 52 42 0 28 87 44 62 78 44 47 52 89 65 44 
44 9 75 55 37 90 66 23 64 99 31 93 21 91 80 26 95 58 41 92 44 57 32 47 9 65 21 79 64 20 67 87 56 72 39 72 97 14 14 11 26 37 96 63 83 65 71 66 29 61 
18 91 85 1 75 14 71 72 60 49 38 86 29 63 38 5 8 67 20 87 25 47 79 21 69 66 50 92 80 7 79 6 23 52 86 43 54 90 22 72 38 69 93 26 83 30 56 5 94 75 
36 87 47 25 26 90 18 97 96 37 48 37 37 21 22 3 79 85 97 55 94 94 0 9 77 13 30 62 98 32 43 82 51 54 93 38 79 56 40 11 67 92 89 48 37 17 98 57 89 4 
51 75 84 95 56 47 13 94 76 66 62 42 3 85 92 23 4 30 63 9 56 23 52 22 66 66 44 26 99 30 75 24 36 5 32 29 92 96 4 4 61 84 76 70 18 43 25 24 94 32 
