63 73 20 25 31 27 8 70 51 0 50 71 72 90 97 91 71 27 75 24 50 21 14 47 4 39 97 54 32 45 68 73 63 36 24 99 84 76 58 38 93 46 76 41 50 76 13 6 16 41 36 17 31 64 71 48 64 15 55 65 55 39 67 3 29 95 45 18 89 27 92 1 17 18 22 67 97 94 34 7 80 21 90 77 30 28 40 60 70 98 19 46 63 6 84 0 1 95 18 86 
79 78 64 60 44 55 50 29 3 92 16 10 84 63 84 52 59 63 36 14 6 75 86 66 14 30 26 73 26 98 74 1 8 6 87 14 66 10 31 42 41 50 74 40 32 93 66 32 49 59 65 40 29 13 71 59 5 16 64 76 52 88 90 47 0 88 56 6 44 98 88 14 18 14 88 59 19 37 55 67 8 68 80 53 11 36 95 43 75 47 10 11 2 98 99 52 56 48 71 87 
79 3 65 58 13 15 68 60 2 94 48 89 62 71 1 69 86 96 25 23 73 9 33 91 97 3 81 20 58 58 60 59 5 61 67 11 74 28 63 75 67 2 81 11 69 71 95 78 77 91 88 56 24 78 64 47 83 15 48 34 60 27 72 79 42 4 10 8 53 98 88 27 9 52 79 54 84 14 68 11 24 68 20 67 66 53 61 26 63 38 75 83 48 13 30 26 43 18 14 76 
71 99 59 13 55 30 98 66 87 56 65 82 0 47 78 55 64 95 37 79 70 28 87 41 69 41 74 26 16 32 17 34 41 90 88 73 91 9 54 66 58 4 15 83 32 77 73 91 63 48 96 75 81 93 43 38 2 53 54 54 78 41 13 53 49 35 38 62 63 58 71 16 81 86 32 87 9 93 76 96 1 16 97 73 84 91 91 12 5 86 18 88 5 45 5 75 81 25 24 48 
81 12 22 28 98 93 90 40 39 70 87 67 34 24 84 33 18 8 68 72 91 89 2 1 43 47 88 29 23 18 21 30 26 11 8 44 96 93 96 17 68 76 43 18 10 40 41 52 14 62 75 28 99 45 91 88 47 21 84 30 39 61 46 8 90 57 83 0 27 0 75 24 15 84 29 73 26 62 76 83 22 97 50 2 20 55 32 54 64 67 64 38 12 43 66 33 46 90 62 87 
33 24 63 26 89 6 13 94 23 12 42 87 74 98 65 26 30 77 25 6 89 11 96 77 65 13 35 58 42 79 61 23 23 53 68 63 45 6 54 27 62 78 70 55 54 66 16 13 27 27 25 14 22 77 52 78 71 51 83 36 22 37 92 23 73 9 86 42 22 97 40 21 23 56 31 69 35 17 67 66 4 54 4 62 60 5 64 30 16 37 72 28 83 62 26 66 84 77 33 14 
68 49 4 96 67 69 67 32 89 33 71 43 87 79 28 79 23 96 8 74 4 43 45 41 69 20 20 49 21 90 46 10 69 57 8 13 30 51 69 65 81 47 64 85 69 10 78 94 68 29 66 98 37 39 5 51 6 58 14 31 90 74 18 91 89 45 7 78 35 5 93 91 65 89 68 73 50 24 73 66 20 35 60 2 66 9 1 18 66 57 5 0 68 57 65 32 89 5 24 4 
84 96 18 16 12 36 38 97 47 43 10 96 90 70 13 66 50 4 19 7 92 11 95 76 73 18 74 35 22 21 61 48 96 30 80 56 86 61 46 20 52 71 98 58 99 61 13 59 37 2 7 73 94 35 10 83 39 60 40 73 79 86 6 99 91 44 20 87 94 23 39 58 81 45 86 23 20 15 98 56 3 13 55 22 93 81 99 7 59 37 85 76 40 45 5 81 13 25 25 70 
45 59 68 56 79 8 58 54 14 29 26 96 38 79 5 36 30 16 68 54 23 73 92 13 59 34 87 57 40 71 27 84 68 73 18 5 39 33 49 6 51 58 21 34 96 38 26 3 35 11 32 65 99 30 66 44 40 45 72 20 20 79 38 16 68 64 8 83 88 25 35 97 71 90 33 19 96 7 4 67 20 72 86 84 62 50 16 53 89 74 30 6 81 39 99 37 14 77 75 59 
14 72 19 38 75 63 66 20 75 66 99 47 0 22 6 37 69 2 55 14 57 72 27 0 24 99 48 77 27 79 3 91 56 86 95 31 64 4 83 50 22 13 51 83 54 33 15 25 99 67 40 45 47 56 15 4 37 32 79 47 52 63 13 53 2 81 68 99 89 63 81 20 46 36 47 57 65 18 1 34 2 21 93 59 28 95 96 72 31 76 73 91 63 93 26 88 91 8 8 56 
38 9 67 23 7 86 19 98 60 27 22 35 1 12 84 3 6 76 86 99 26 68 53 12 94 17 51 49 46 66 29 64 48 61 6 74 46 65 43 39 6 26 83 48 43 40 15 9 2 92 79 63 39 72 93 38 60 23 65 25 18 75 35 97 16 54 39 63 67 56 77 50 53 46 55 84 70 23 96 99 52 69 44 59 13 85 27 73 56 58 46 29 13 56 63 58 32 48 48 89 
46 52 77 75 14 3 5 90 36 33 38 99 19 50 97 41 55 69 32 97 69 47 42 49 26 55 88 96 11 60 42 15 24 99 46 65 92 27 90 98 18 34 90 27 52 8 32 48 93 77 11 5 32 64 10 92 5 80 22 83 52 51 46 21 22 90 88 6 79 28 97 68 0 88 93 68 59 86 67 70 33 85 21 82 90 62 96 63 92 94 76 96 43 78 89 39 93 28 26 57 
17 9 5 24 88 33 25 6 51 43 82 58 17 22 99 14 93 78 48 61 39 83 49 80 38 34 1 16 49 42 41 46 27 90 46 42 27 94 50 61 11 82 9 90 54 79 19 52 67 95 97 68 52 87 84 21 42 19 6 50 22 98 8 69 61 64 55 7 28 92 33 53 62 90 36 54 49 63 39 98 28 92 80 83 8 97 43 48 35 5 33 9 70 74 31 90 17 49 22 61 
97 30 82 3 26 58 83 12 42 41 54 85 64 47 11 53 37 51 46 76 43 6 12 92 48 71 58 11 7 99 62 63 67 59 52 84 38 29 16 16 22 37 93 88 2 44 35 95 90 80 58 42 88 12 77 70 77 15 97 29 48 26 44 17 32 53 0 14 17 92 77 73 39 45 66 89 49 52 21 38 22 43 62 57 1 54 66 63 32 7 16 46 40 66 1 92 89 68 63 47 
88 12 87 0 12 6 43 14 16 93 73 50 50 61 42 23 84 23 11 14 99 61 24 7 20 60 74 61 54 18 94 7 37 67 74 75 57 15 24 23 76 89 60 31 94 7 74 22 1 30 31 18 52 12 12 0 92 84 0 46 90 53 89 15 54 60 43 85 9 0 48 45 62 59 99 31 70 78 53 23 21 46 19 16 2 38 15 31 11 50 44 5 33 21 74 98 75 44 47 59 
97 71 64 26 27 45 45 23 73 40 13 87 35 0 70 12 94 33 22 29 56 76 33 64 67 69 73 49 88 64 30 74 53 20 61 96 34 68 93 41 69 14 83 33 19 23 66 45 46 60 24 72 85 90 34 63 41 68 87 9 27 6 44 37 97 29 63 35 33 79 56 49 47 11 26 47 88 46 5 24 25 36 9 78 88 42 26 49 31 94 64 66 54 9 60 57 3 69 79 11 
92 3 95 58 22 57 69 10 65 87 61 29 24 4 55 95 39 23 81 78 58 93 28 27 76 33 7 7 34 93 87 78 50 76 58 61 12 94 23 19 34 67 41 63 2 60 91 30 76 98 14 20 78 40 48 26 6 55 47 77 98 18 27 2 16 70 76 37 48 76 56 8 25 43 83 11 43 12 90 52 77 85 92 57 53 53 92 16 10 51 95 36 53 54 76 58 80 66 70 14 
83 97 8 67 43 5 31 35 85 51 49 71 44 74 6 9 30 75 28 67 85 30 84 54 18 15 1 2 83 74 76 25 50 91 5 65 92 7 55 83 15 57 36 9 19 3 69 64 22 94 87 18 14 43 53 74 75 84 57 60 35 58 1 22 2 95 76 31 89 61 35 10 74 86 43 59 66 69 93 10 7 26 3 38 12 62 7 83 71 86 93 56 71 50 56 49 76 93 95 13 
17 58 98 11 80 35 73 39 49 83 12 31 42 19 57 16 20 31 80 0 9 2 3 63 23 24 72 14 72 29 91 21 18 63 26 13 29 92 99 36 33 64 85 2 29 4 26 59 5 11 28 2 29 6 17 68 32 50 12 75 50 6 65 0 8 41 85 2 41 82 10 68 65 23 1 19 94 73 83 22 99 79 66 53 77 98 20 12 72 49 58 44 15 36 23 69 35 13 48 42 
22 91 65 22 4 53 91 57 42 14 69 38 88 49 82 88 2 66 6 55 44 39 8 91 66 3 12 23 46 55 73 40 29 92 33 17 18 78 96 15 50 24 72 19 99 23 53 71 87 1 52 23 9 55 87 68 86 58 40 57 58 59 47 77 11 96 34 93 16 36 30 46 83 35 82 47 74 3 93 36 93 97 23 5 54 64 96 38 8 91 11 30 25 43 91 19 52 66 96 50 
28 13 49 55 8 83 29 15 25 55 17 1 9 91 25 73 34 63 38 10 87 91 61 12 19 44 55 5 16 58 52 10 75 35 64 66 86 3 65 48 98 64 6 31 71 31 4 24 78 79 13 83 65 33 71 29 72 5 52 43 51 20 93 96 15 75 23 7 95 64 19 24 48 26 74 3 37 59 16 69 94 3 86 60 92 35 53 51 82 90 5 16 5 98 1 72 47 69 4 29 
38 75 56 35 57 43 21 65 61 27 57 15 35 31 12 15 14 73 79 89 94 5 25 98 20 29 36 83 81 34 7 2 41 18 50 40 96 54 0 39 83 85 51 19 62 35 17 51 83 48 28 23 80 6 64 45 50 92 98 7 74 73 3 47 64 87 87 85 47 65 48 5 51 5 51 4 99 50 95 65 63 84 91 40 46 43 63 48 3 65 43 45 76 22 46 65 54 46 32 28 
45 31 70 47 36 73 29 17 77 26 5 71 77 58 77 58 87 61 38 33 93 43 12 88 46 80 98 19 63 65 90 89 34 45 81 92 96 69 15 58 42 70 67 4 25 79 35 50 81 59 83 46 55 19 88 74 34 46 66 28 78 74 53 32 47 21 32 29 76 99 2 19 69 33 59 74 1 48 78 2 22 69 38 94 81 40 8 47 57 35 87 35 82 93 56 88 33 61 44 7 
32 23 53 38 25 5 91 3 28 9 90 65 6 64 92 22 13 91 13 64 99 29 22 56 53 6 75 35 22 18 36 70 6 0 77 4 43 66 61 47 84 95 51 85 10 63 73 12 99 93 47 91 74 56 78 71 45 18 89 94 60 86 21 94 6 27 54 16 72 90 32 7 21 25 69 46 8 96 39 18 24 17 82 24 0 8 53 22 94 6 52 82 34 46 9 45 50 97 11 45 
80 39 69 34 17 52 74 87 58 38 68 14 3 3 73 94 19 74 74 10 88 24 30 39 50 82 9 95 17 48 25 16 98 43 97 33 85 37 25 9 19 86 85 59 35 99 27 2 99 10 9 26 6 30 9 67 99 24 59 46 65 80 49 91 67 4 58 36 28 61 38 42 8 13 54 62 92 56 57 16 35 66 33 32 66 74 5 57 65 55 16 49 99 21 77 21 2 73 37 65 
21 99 29 66 12 70 85 78 44 35 85 77 90 32 94 96 48 65 58 57 96 14 91 56 3 67 56 5 13 29 21 84 16 10 50 61 87 65 5 68 75 51 83 50 98 91 80 1 67 53 46 19 46 25 79 25 33 97 69 99 68 10 42 63 32 10 64 72 47 6 7 97 47 20 48 38 23 67 14 44 48 37 65 37 89 93 30 81 76 87 29 2 93 4 14 35 11 43 62 9 
95 22 51 13 50 18 69 99 96 10 57 38 35 66 83 83 88 24 9 11 37 80 70 75 57 36 69 66 58 83 1 64 45 27 79 50 94 34 50 91 12 91 82 3 24 68 82 28 54 79 87 62 65 36 99 77 84 95 12 16 0 1 90 62 60 42 10 79 62 91 46 2 40 3 8 41 53 27 29 33 68 7 54 30 85 67 30 10 93 32 34 95 64 31 33 53 15 87 72 99 
15 36 8 69 24 93 47 12 15 32 6 33 36 53 89 70 69 83 36 33 13 14 59 58 73 81 7 47 44 76 80 77 22 4 77 33 42 37 6 90 72 56 98 67 16 79 73 51 16 75 10 59 48 2 96 35 19 89 63 55 16 65 27 0 25 52 64 68 31 9 79 5 57 51 87 16 55 86 62 10 22 3 42 99 31 4 33 6 75 17 15 99 15 4 68 19 52 22 4 7 
88 67 36 33 58 32 96 11 29 46 57 79 33 79 52 23 24 41 17 24 26 21 19 74 13 35 80 67 16 7 1 77 22 48 33 97 55 82 3 87 56 45 3 80 44 41 21 44 10 39 24 82 56 19 57 81 86 43 45 37 82 84 52 21 25 31 97 68 24 59 18 49 83 9 12 1 12 33 6 79 1 14 8 74 96 62 35 18 12 14 10 25 91 69 69 90 25 80 54 26 
48 10 15 55 12 23 70 57 40 33 72 38 74 0 19 85 1 95 55 98 44 97 10 94 99 18 79 33 66 92 65 58 42 74 87 29 93 32 35 13 18 76 35 57 4 41 75 61 34 15 42 87 28 43 23 14 19 33 86 12 11 6 40 20 56 93 65 32 48 6 97 22 38 16 66 61 5 55 87 52 16 57 51 71 92 83 12 45 85 70 53 68 91 74 26 81 15 64 61 36 
86 89 13 86 2 76 76 61 69 33 19 23 21 89 29 51 5 43 87 24 62 37 77 78 59 95 15 14 21 86 72 48 44 97 66 74 94 78 86 70 92 82 34 6 97 67 80 21 79 25 24 34 27 46 64 85 73 9 51 53 1 43 17 0 3 47 63 42 66 11 48 52 4 99 10 35 48 13 23 23 79 33 38 1 29 24 71 55 21 84 93 46 10 72 10 74 9 0 38 22 
87 90 32 99 7 9 19 67 77 69 66 32 25 77 23 12 8 20 7 15 63 8 56 85 10 61 30 29 78 45 53 13 77 83 97 54 73 61 81 76 33 18 42 40 80 27 78 46 43 3 1 32 84 48 51 68 69 59 13 36 17 33 28 60 5 67 36 28 87 24 67 38 57 12 20 91 71 42 99 62 62 52 14 52 46 29 44 2 27 28 60 33 28 67 85 9 94 69 10 35 
48 30 41 47 71 98 77 85 4 0 96 17 72 78 77 41 57 17 13 93 14 20 14 96 96 96 24 16 73 44 42 73 35 53 31 89 48 35 38 78 7 91 91 75 68 98 31 94 52 82 2 52 35 55 24 99 19 67 96 30 69 76 86 37 36 34 61 11 94 21 99 94 74 69 36 60 85 49 8 65 9 76 65 82 3 73 37 6 20 67 45 38 82 14 30 85 36 29 11 64 
52 0 61 52 18 32 5 39 90 36 42 34 20 57 31 74 68 59 44 24 58 63 60 45 6 62 43 60 88 1 96 90 27 62 85 71 17 44 70 5 24 72 22 43 12 0 2 9 83 52 73 70 16 14 8 48 62 23 3 73 55 98 49 2 22 29 53 82 42 17 41 84 97 84 43 34 7 67 9 23 84 31 14 72 62 24 19 88 1 32 5 85 31 47 8 93 17 3 39 64 
55 55 72 92 60 12 5 90 31 75 38 16 5 67 15 3 12 76 14 2 98 98 59 88 44 30 11 64 80 50 10 16 30 9 43 88 74 8 78 19 15 20 22 20 80 31 9 80 24 22 7 89 50 47 28 78 65 89 81 11 84 38 81 64 18 62 25 73 22 30 49 16 68 58 75 21 84 53 1 15 0 75 80 99 6 8 61 36 84 60 35 32 36 81 15 87 87 53 59 45 
7 31 76 44 98 22 2 50 7 49 22 51 58 72 28 44 7 91 65 85 72 21 26 17 96 40 19 68 85 66 30 71 64 9 30 12 32 53 99 82 55 64 23 41 16 65 26 56 46 60 75 41 76 69 98 85 45 63 17 73 57 3 82 19 92 81 76 90 49 64 21 2 84 43 64 36 28 3 68 83 27 81 59 2 33 56 69 87 99 38 93 22 80 7 11 33 57 69 78 79 
71 21 89 58 30 56 25 43 55 66 72 17 95 35 91 19 29 25 97 9 24 31 32 52 89 3 74 66 4 38 84 11 85 3 47 97 53 97 89 85 66 13 71 51 64 65 11 22 17 16 78 1 35 79 78 68 75 10 97 74 88 66 23 52 88 14 46 24 14 25 63 70 78 11 51 93 55 34 95 27 69 36 94 49 90 60 1 78 80 57 13 11 61 45 75 33 3 98 20 29 
8 46 92 8 15 17 42 66 88 32 8 18 63 8 43 42 2 85 10 57 35 27 15 76 98 25 47 55 85 86 26 15 93 99 24 96 77 33 14 38 44 8 22 52 74 23 97 90 32 14 66 77 62 94 47 33 96 51 5 99 84 37 58 42 17 7 95 95 5 75 28 1 55 60 57 5 67 62 21 72 36 79 56 86 50 8 99 77 13 2 93 48 92 87 19 22 37 82 26 93 
27 38 90 21 68 59 6 39 78 96 72 6 68 6 52 56 35 41 31 47 12 48 47 17 52 93 93 19 42 27 21 68 37 88 6 27 97 69 91 79 34 53 57 94 93 20 69 98 26 58 12 88 46 75 38 32 49 82 78 37 79 98 51 29 38 24 12 40 10 11 16 74 5 60 99 44 41 84 58 57 22 30 93 42 28 53 71 53 75 43 80 82 74 79 97 77 75 16 86 54 
59 89 54 3 36 19 53 2 43 24 52 50 70 67 38 60 0 11 36 81 64 52 89 66 50 86 61 24 36 25 9 98 48 30 76 51 39 49 54 71 96 77 56 12 55 1 48 68 7 79 64 6 8 54 40 75 14 14 78 1 21 55 11 23 6 23 16 44 52 24 66 90 99 7 91 46 89 90 88 48 47 83 3 13 74 58 23 75 7 26 96 32 90 54 22 94 13 47 65 21 
35 63 93 47 29 5 96 20 3 94 9 48 25 76 3 68 27 58 81 74 92 75 16 13 34 95 62 25 7 42 46 30 65 10 94 92 57 63 31 31 86 15 36 92 36 25 60 45 46 8 34 96 44 85 34 3 54 13 88 36 56 47 29 2 52 44 59 33 3 47 54 33 39 75 20 49 91 98 78 96 90 10 91 4 71 12 31 78 31 40 49 74 79 16 82 82 8 44 43 55 
8 71 16 59 52 34 5 61 51 57 19 23 72 25 49 29 5 64 90 74 56 70 2 63 14 89 42 72 35 63 62 86 21 34 23 21 47 36 4 10 53 3 33 2 68 88 9 53 0 79 13 65 41 18 6 18 18 46 2 46 90 3 67 79 25 42 29 35 59 72 82 97 68 45 82 9 32 13 60 56 90 30 8 64 10 69 12 87 58 66 11 62 28 67 8 20 1 80 38 66 
17 91 40 25 95 52 72 89 22 97 90 82 93 53 98 68 35 52 89 3 29 0 63 91 96 57 44 46 96 14 81 32 7 96 10 8 45 24 18 60 38 52 83 24 12 0 24 33 99 89 48 76 48 87 6 25 21 27 99 63 12 45 91 31 93 55 35 95 79 98 3 75 26 10 58 5 0 24 52 19 6 82 34 8 79 88 75 24 25 84 10 31 30 6 12 82 98 43 24 31 
71 67 8 62 93 67 5 3 91 90 52 87 5 11 66 97 39 56 74 73 35 46 99 12 14 80 86 10 17 83 48 57 7 80 98 97 93 54 77 6 82 98 31 40 58 2 18 32 34 83 30 26 13 14 76 2 30 49 54 29 40 55 15 8 8 58 78 41 39 33 84 78 5 30 12 95 75 33 79 54 65 8 81 4 57 7 92 4 31 65 92 20 6 68 35 54 27 43 36 86 
56 66 2 39 81 73 2 67 48 16 64 47 2 49 53 44 83 63 24 11 38 19 46 91 86 50 28 76 66 51 56 10 92 47 13 14 45 10 21 91 19 20 2 25 90 69 96 92 0 70 82 44 52 53 33 79 88 80 69 21 1 88 13 42 53 69 31 35 3 2 23 13 3 5 18 42 41 14 75 95 32 88 84 61 70 98 91 68 55 4 31 72 25 58 21 60 42 75 99 63 
59 85 74 47 58 27 77 86 73 23 0 8 69 82 24 38 7 49 90 10 55 62 40 35 54 14 81 51 55 70 1 66 99 43 31 57 99 35 93 78 31 46 28 0 78 32 82 79 43 0 69 68 59 86 82 48 83 87 49 33 1 58 83 81 7 72 35 10 24 0 54 13 11 81 94 62 47 15 30 38 98 66 88 57 30 37 7 79 46 74 15 53 10 39 69 77 46 38 93 0 
92 79 36 1 22 72 26 59 6 38 81 49 34 90 6 95 0 53 1 96 16 61 20 87 6 43 43 19 63 7 46 30 75 19 11 11 65 25 18 52 27 84 91 24 83 93 6 5 77 42 12 82 5 8 27 2 67 91 16 18 48 58 2 44 1 59 92 80 71 90 17 13 13 41 77 62 90 33 48 93 18 55 52 12 24 26 50 80 83 75 84 41 59 42 37 90 74 3 32 27 
28 59 91 2 17 43 51 20 76 99 77 14 61 84 75 7 2 0 59 33 67 77 48 46 62 48 51 28 32 85 8 41 32 31 87 85 73 39 61 1 84 41 4 55 97 32 40 85 21 57 20 80 10 57 9 93 28 21 19 56 2 15 52 79 2 97 65 28 13 71 10 25 93 61 81 60 48 47 48 79 99 35 56 80 32 6 0 56 53 28 93 32 36 43 39 62 81 82 81 55 
37 60 55 72 53 84 27 94 16 60 9 60 53 18 26 61 74 72 18 77 87 11 93 49 96 13 37 92 7 93 73 2 92 63 19 31 41 85 29 70 64 84 39 46 1 70 83 50 85 48 21 7 85 75 95 73 17 38 26 86 76 20 80 45 81 3 64 47 98 6 49 3 23 68 3 71 19 92 80 62 52 43 35 28 24 14 30 99 82 56 89 18 24 18 26 28 74 96 87 36 
81 68 61 33 20 22 57 59 22 86 60 19 64 30 10 8 2 43 96 4 80 38 20 26 51 86 81 85 19 47 11 79 50 99 3 45 76 42 78 21 26 62 47 60 37 72 91 32 96 48 50 97 89 27 64 38 62 72 75 63 90 51 65 50 92 49 71 40 38 9 18 28 11 40 6 60 6 12 23 14 40 30 87 82 41 88 6 24 87 10 17 89 77 57 57 37 3 83 70 52 
21 76 48 52 8 76 42 0 40 26 56 85 1 98 68 68 62 78 42 32 37 28 60 58 59 38 90 52 70 0 23 18 51 46 85 44 51 36 98 22 50 87 80 55 31 1 84 23 92 63 51 39 95 97 59 83 13 6 74 56 11 43 60 49 65 55 34 93 87 28 32 35 98 52 63 97 20 77 35 41 20 33 3 5 4 52 13 73 9 90 49 92 1 94 20 39 74 33 42 22 
17 76 54 84 84 23 37 92 16 56 94 64 76 53 26 88 12 9 18 35 26 3 49 67 11 18 8 88 69 3 19 31 1 21 45 71 30 98 56 16 8 64 22 81 15 66 22 17 70 80 60 56 71 63 50 87 46 45 64 29 81 98 8 25 77 51 21 90 32 90 8 94 86 78 70 99 56 12 54 53 12 22 88 98 12 90 9 40 44 46 6 98 78 95 60 37 25 19 51 88 
44 2 28 22 7 87 93 62 54 13 37 68 36 58 94 98 3 80 61 35 91 92 9 77 43 9 75 99 65 94 83 18 41 58 10 64 79 73 77 83 49 13 48 51 17 47 77 16 36 11 2 30 28 80 81 62 11 91 11 11 11 50 16 35 66 58 86 63 98 13 58 53 97 87 99 93 56 79 69 15 18 99 53 86 65 94 6 24 84 13 17 6 58 30 17 3 39 48 90 41 
57 60 97 65 68 9 22 89 37 23 77 16 4 23 14 12 74 89 8 17 60 44 7 13 47 49 30 90 92 25 4 24 41 96 86 74 99 11 22 42 66 50 21 19 27 73 5 61 76 22 95 82 98 23 16 69 13 7 35 32 72 83 18 36 47 43 57 67 73 55 32 14 44 39 24 67 30 6 52 63 3 96 42 26 57 96 90 77 21 13 10 5 1 61 62 98 4 76 52 83 
2 90 10 95 9 91 22 64 70 40 24 70 83 98 53 20 55 65 61 4 38 79 94 84 98 43 63 45 98 65 97 79 78 77 95 4 80 1 2 39 21 37 32 70 33 5 2 80 44 1 92 18 16 20 87 67 56 10 36 44 62 73 57 52 52 66 67 76 45 44 73 0 83 3 28 93 56 95 93 71 21 75 67 63 53 5 97 43 12 21 5 93 41 96 93 87 41 99 63 43 
41 21 31 2 43 31 68 54 67 56 42 54 53 78 13 56 39 25 72 56 5 94 72 98 99 46 59 77 70 48 8 67 88 19 81 65 98 91 78 93 30 0 49 87 33 89 35 36 3 6 25 82 94 48 61 16 80 95 97 11 24 85 66 73 27 51 9 58 63 54 78 67 92 17 2 75 96 53 59 10 12 2 89 60 87 39 2 66 13 85 79 67 17 98 41 21 39 69 76 13 
29 3 10 41 59 3 68 46 60 12 56 63 69 67 70 25 85 4 90 21 26 95 85 34 74 19 1 41 64 48 55 37 20 71 86 96 15 18 20 93 87 38 81 62 77 15 32 38 19 82 74 89 29 11 30 16 57 4 68 84 35 93 94 87 47 97 32 56 88 66 23 9 78 5 97 47 75 86 13 4 72 4 19 0 54 3 82 39 57 80 60 33 31 17 53 6 65 21 83 48 
75 54 45 39 30 70 98 97 68 43 11 72 77 23 32 37 98 47 61 39 39 52 73 89 92 39 15 47 95 14 70 36 71 80 31 35 70 26 45 32 34 60 98 4 73 8 14 14 84 16 19 65 4 98 85 30 61 9 87 15 0 45 25 14 80 44 43 38 31 31 20 79 87 91 15 27 82 60 93 14 11 39 50 47 26 28 66 61 82 2 1 39 10 62 69 35 82 26 31 50 
22 59 69 89 46 27 94 84 99 10 27 42 48 95 36 30 63 61 42 74 73 90 71 45 65 89 3 83 96 97 94 27 14 93 34 44 8 59 33 40 14 33 44 58 17 71 14 37 33 50 80 53 87 7 15 34 3 22 95 39 37 15 28 85 48 84 72 76 83 74 30 26 85 31 58 44 65 95 5 64 6 5 16 54 97 25 51 64 31 5 29 31 53 90 94 95 87 45 75 50 
4 7 40 6 57 6 48 80 80 22 82 45 6 18 92 37 8 59 41 27 55 44 80 80 79 57 4 15 41 35 79 10 15 78 97 1 47 41 1 40 77 80 24 73 74 92 18 4 84 41 33 17 67 96 79 45 77 81 11 67 12 85 6 81 10 90 95 73 77 77 53 28 68 38 53 22 7 79 86 90 26 93 33 2 50 85 65 97 6 51 1 83 89 20 44 23 6 81 41 57 
68 76 57 41 75 63 48 59 77 6 47 22 64 46 96 50 48 36 91 25 37 8 35 77 43 62 83 24 42 93 44 86 82 86 53 82 32 34 14 68 54 10 83 82 79 74 33 67 57 75 49 35 10 90 89 13 9 64 67 68 69 14 67 74 95 27 4 28 32 83 73 1 46 54 86 70 10 84 26 74 20 22 72 8 38 91 42 30 7 45 50 14 41 98 58 31 70 57 96 77 
33 84 56 88 1 3 52 64 0 45 22 90 91 37 28 93 5 3 44 30 6 5 31 47 69 59 92 15 85 60 58 56 19 73 94 99 38 96 45 52 0 75 63 66 52 64 92 92 81 32 77 45 43 81 86 23 89 94 97 35 87 3 13 91 2 60 28 74 55 58 37 27 65 44 98 54 74 12 72 72 33 14 10 97 45 70 80 11 38 94 38 12 69 47 20 29 71 15 62 38 
75 96 18 3 71 76 56 62 43 32 92 23 12 39 84 2 41 9 1 48 75 45 9 10 30 5 13 0 41 5 14 8 70 22 34 5 65 18 72 50 60 90 81 27 49 54 43 7 22 51 0 77 22 43 60 47 48 24 68 15 82 84 79 13 58 97 53 35 29 19 44 33 2 64 53 10 21 23 73 1 91 78 61 83 34 32 77 94 74 73 15 74 48 34 96 2 65 57 91 76 
10 31 52 31 15 4 79 72 58 26 51 83 51 87 98 45 97 46 64 59 33 78 41 47 76 8 13 9 28 89 72 67 16 37 72 3 76 12 54 32 91 98 74 96 19 77 62 13 94 66 90 87 35 26 48 54 96 13 67 69 37 12 99 43 34 95 10 60 64 51 17 74 65 89 10 93 46 27 57 62 25 21 26 37 63 87 33 4 20 24 41 95 56 50 82 41 75 34 75 41 
48 51 69 32 37 25 50 33 25 82 41 46 23 25 39 86 29 6 6 47 14 70 0 27 52 97 80 28 27 53 61 84 39 71 26 0 30 99 93 92 46 93 10 6 28 96 37 15 21 6 88 73 32 20 63 95 20 70 13 32 53 22 76 79 93 36 42 53 44 67 21 32 34 27 83 7 73 23 57 15 20 54 38 91 98 36 12 5 26 85 13 83 43 24 52 76 57 19 17 41 
76 90 44 48 38 84 66 28 53 3 82 63 61 49 33 13 94 62 97 91 30 80 5 39 58 38 5 69 60 9 73 84 32 38 24 48 45 34 97 42 86 29 70 68 38 86 11 48 7 72 39 13 30 97 28 34 90 93 14 57 20 92 86 98 64 1 98 79 58 88 98 29 68 71 71 75 89 66 88 64 1 29 71 2 28 79 47 25 78 10 14 53 17 92 13 61 79 31 97 97 
44 27 88 60 23 31 57 75 86 17 85 36 55 69 88 94 29 20 22 9 24 64 1 20 47 51 32 75 44 42 19 76 49 3 95 95 97 38 29 77 28 47 50 69 1 44 10 56 16 20 88 78 76 36 11 66 44 48 76 66 80 58 93 7 35 74 26 46 13 60 27 98 53 98 15 49 80 25 82 72 99 30 74 52 1 28 87 15 51 15 69 27 87 99 63 36 9 22 21 82 
97 19 54 62 36 78 8 73 30 55 74 2 79 8 20 65 14 81 46 19 83 67 45 64 98 29 85 45 81 61 92 17 1 38 31 61 63 36 11 70 35 3 15 23 66 38 46 8 58 75 74 62 50 46 45 27 35 72 14 67 36 27 40 41 51 49 58 63 73 67 97 4 45 23 45 43 2 36 90 9 91 39 69 23 43 4 52 80 28 63 10 37 64 76 63 87 36 39 84 54 
87 55 61 15 35 59 9 5 49 51 50 55 14 80 81 14 98 44 23 60 58 86 43 19 97 0 51 53 51 52 80 9 56 36 77 44 8 56 9 29 34 43 1 31 44 26 34 48 31 20 65 82 13 27 77 59 59 6 81 4 16 7 25 73 82 26 7 38 95 42 35 53 44 98 54 24 52 40 73 0 55 31 40 13 18 7 15 13 61 28 28 76 3 35 89 26 32 84 84 16 
18 37 31 76 12 51 30 79 51 50 65 5 67 58 35 25 0 62 38 88 82 1 76 97 4 73 11 50 49 86 63 91 39 46 8 72 27 28 7 78 95 9 2 98 39 6 65 13 87 9 36 90 73 62 79 6 82 83 79 39 9 91 16 31 97 12 64 35 97 98 9 6 11 27 78 99 86 77 4 50 40 43 37 83 62 37 24 17 87 67 92 35 52 92 43 78 7 11 15 28 
24 28 99 69 46 96 18 70 48 15 50 80 79 47 93 76 45 62 65 90 42 48 56 51 85 62 75 2 99 92 52 10 11 20 64 22 6 43 61 80 77 76 75 37 87 52 68 12 73 49 56 50 47 55 8 68 1 59 15 78 57 27 49 98 27 95 0 50 18 38 26 18 87 0 24 78 18 0 87 65 63 40 54 16 93 67 60 48 83 57 4 63 18 96 43 89 58 89 38 64 
13 2 38 9 98 53 88 1 30 82 37 95 2 45 42 61 66 41 93 52 13 51 38 96 57 96 78 63 85 34 98 22 41 98 50 30 90 17 6 3 97 21 23 12 50 37 4 32 94 0 38 31 22 18 0 62 58 74 14 27 65 46 89 46 25 72 37 87 68 99 56 95 40 7 31 86 22 59 34 61 79 88 89 49 33 27 20 8 46 22 93 17 60 54 93 92 29 84 25 82 
72 87 8 75 37 60 17 95 93 71 10 11 19 89 63 5 7 58 5 89 54 34 18 59 33 73 93 20 22 65 94 46 87 85 80 56 42 5 66 83 15 41 88 24 75 19 6 46 55 27 33 37 90 94 81 59 72 95 85 4 58 38 21 29 48 69 60 50 70 77 62 27 63 4 18 97 46 47 54 53 94 45 22 82 57 49 14 92 7 89 95 49 44 67 66 93 11 87 68 24 
42 51 2 41 76 71 45 70 50 99 4 27 87 86 71 1 95 63 61 16 69 41 96 81 50 40 64 14 43 98 31 3 33 28 21 54 30 93 39 13 20 62 35 6 48 13 29 82 91 38 42 70 28 80 97 35 77 79 37 7 37 52 25 94 14 11 44 44 35 91 81 87 64 25 11 40 92 87 21 40 74 89 97 2 29 33 22 94 22 84 7 48 9 52 24 65 28 34 72 58 
27 67 17 17 0 66 30 45 67 3 36 16 43 65 97 10 67 61 4 89 89 8 22 91 0 64 32 86 4 78 22 71 65 47 26 28 42 13 85 87 2 79 16 87 14 75 34 51 25 35 93 21 10 13 98 14 0 24 38 85 41 29 89 90 19 60 48 89 83 13 5 92 57 47 5 98 64 10 21 60 63 16 65 47 5 5 89 34 91 77 37 96 26 98 62 50 63 61 62 13 
76 74 94 49 42 27 34 95 99 11 13 94 89 92 91 12 15 47 42 59 88 48 18 25 95 38 65 57 74 86 31 32 30 21 78 84 37 40 7 3 79 67 4 91 60 50 92 55 6 67 14 0 58 16 25 32 20 92 9 33 79 35 87 93 89 21 73 2 4 28 21 58 81 86 18 39 11 36 13 4 31 51 31 72 79 70 28 7 37 32 85 64 58 56 6 63 56 36 46 72 
85 44 12 49 35 98 7 35 41 20 76 73 79 70 21 82 40 35 93 55 11 52 20 1 61 23 18 11 59 9 69 22 92 80 98 39 68 11 62 81 15 45 22 42 96 92 59 9 68 88 80 99 32 14 53 91 33 91 65 60 39 21 72 66 94 6 5 46 42 56 78 43 94 7 4 19 95 39 41 96 83 83 85 70 58 39 88 87 40 99 85 13 18 50 42 28 83 58 40 75 
53 41 43 53 37 78 7 72 80 0 65 31 37 37 63 74 78 18 38 66 4 80 71 10 51 94 5 44 72 36 93 83 23 78 49 96 45 62 16 37 84 15 47 50 22 86 4 5 18 94 19 16 73 56 78 88 76 75 28 33 86 65 37 54 23 63 56 66 31 10 2 64 50 23 29 17 46 13 66 46 90 46 76 0 5 52 1 8 22 74 91 50 75 28 93 64 12 53 86 15 
54 94 86 6 98 54 20 3 66 89 83 26 7 68 70 74 48 8 19 38 47 83 23 7 96 80 61 14 26 28 16 92 67 82 12 21 65 52 64 25 27 97 94 68 95 37 96 70 77 55 74 96 47 45 91 10 28 33 24 1 15 82 93 6 63 37 61 92 59 17 42 54 23 64 37 2 6 42 0 98 79 75 81 57 9 24 99 6 92 34 82 90 2 98 32 69 4 54 11 71 
38 39 75 67 42 78 77 47 28 87 6 84 82 18 7 63 6 38 56 67 78 75 34 26 99 64 67 89 89 36 73 63 52 73 33 75 81 72 60 60 46 67 54 11 70 97 69 12 91 24 99 8 48 3 38 3 60 8 75 34 24 87 64 86 75 51 42 51 67 25 11 5 50 64 11 35 35 78 54 26 31 50 17 36 0 46 55 71 70 78 64 36 73 62 73 68 16 92 77 5 
94 55 89 84 78 16 86 30 40 76 23 68 70 94 45 81 29 43 69 54 20 37 55 7 73 54 91 0 44 74 56 39 81 43 58 30 34 40 22 13 10 99 78 86 67 74 25 27 43 67 81 83 16 69 58 35 91 23 9 59 50 22 57 66 60 4 38 80 92 22 21 65 68 99 57 23 94 2 1 2 86 64 22 54 59 70 38 81 17 13 12 6 53 72 13 95 46 5 71 65 
2 13 1 11 56 25 52 17 56 98 96 66 98 25 52 75 90 89 89 46 8 3 68 2 38 84 57 92 14 52 59 99 72 93 33 19 88 86 5 4 84 58 87 5 36 52 22 87 15 18 64 16 44 9 95 68 19 10 27 17 79 45 66 61 92 85 37 45 83 31 95 28 28 77 77 37 8 58 26 20 91 87 12 80 93 51 51 85 77 36 12 34 70 48 35 74 79 35 44 43 
7 40 10 4 9 63 11 80 74 88 89 20 0 39 22 99 7 1 91 34 37 12 74 19 55 44 4 23 25 62 0 9 33 49 24 49 11 24 87 9 49 20 51 57 14 57 0 7 16 32 86 89 89 1 17 61 67 22 6 21 59 70 18 52 56 8 50 10 69 96 7 1 25 13 67 13 25 64 76 95 25 63 96 58 44 58 50 11 62 25 58 42 62 94 88 0 88 22 77 52 
23 2 15 27 61 88 97 35 55 48 40 35 15 17 66 2 46 25 49 35 90 1 90 14 20 84 11 27 21 95 43 86 63 4 55 70 87 79 9 26 26 91 27 94 19 77 45 19 94 8 4 68 20 74 28 21 20 81 43 61 98 48 2 51 51 54 90 84 76 54 63 73 98 30 14 83 94 39 15 3 69 78 22 29 45 47 32 84 62 15 72 2 9 21 24 49 52 92 3 99 
42 87 85 59 44 91 34 7 99 92 8 42 5 24 44 19 19 25 19 57 59 21 81 5 25 83 58 7 44 82 97 3 14 94 0 11 50 6 22 26 32 97 1 70 20 94 6 50 28 90 68 62 26 87 4 23 9 58 14 51 33 49 91 89 90 85 29 50 70 48 66 37 45 16 30 22 92 53 42 53 46 27 38 7 64 42 35 18 25 26 18 11 11 15 3 44 84 67 69 29 
48 50 91 83 57 38 46 39 53 83 71 10 45 89 90 73 53 31 80 45 88 39 84 64 78 29 38 64 48 15 20 85 79 42 74 57 9 77 30 34 16 27 14 50 43 72 98 42 43 34 86 65 18 55 73 9 95 87 16 68 3 6 13 26 52 37 99 6 25 51 22 24 49 64 43 21 26 16 14 46 76 59 63 64 87 28 46 16 45 63 97 72 92 34 82 2 90 31 98 39 
65 62 89 59 36 98 63 76 30 75 4 15 13 45 61 27 84 9 2 56 19 62 40 29 33 4 30 35 55 78 31 36 34 92 63 16 41 86 15 51 83 14 34 31 41 70 78 99 25 44 19 82 59 39 58 18 9 1 6 59 78 23 7 64 91 73 52 45 16 74 74 68 99 0 72 59 12 26 15 99 35 13 85 46 26 92 5 98 6 0 49 71 21 98 59 68 85 48 97 37 
51 43 99 13 28 63 53 46 43 58 34 10 51 19 18 91 94 86 78 89 79 53 95 21 91 88 92 14 25 87 95 80 20 20 18 84 24 36 18 58 75 17 94 23 58 86 45 36 90 48 28 8 76 50 2 78 85 66 11 14 14 28 62 7 31 70 55 44 98 34 61 37 97 91 75 66 69 9 90 35 76 50 25 85 22 92 96 46 16 31 19 32 5 13 61 14 27 34 13 98 
32 93 67 68 2 49 39 80 94 33 93 11 85 89 28 27 53 3 79 93 33 25 27 21 39 88 19 91 21 45 95 39 87 99 62 83 75 19 47 62 57 85 23 78 39 14 35 96 97 43 28 21 39 53 10 88 4 87 68 8 78 52 69 15 65 85 93 46 15 42 43 74 31 91 57 42 23 54 14 42 38 3 79 52 71 26 36 24 78 20 73 18 1 15 7 98 80 35 98 33 
92 2 65 75 41 45 59 28 69 93 89 94 49 52 14 37 37 35 68 75 3 63 38 57 89 93 24 45 65 41 11 22 78 5 86 93 90 23 17 36 32 42 6 97 88 45 26 82 49 0 17 99 62 24 91 36 89 23 74 28 78 93 84 96 7 64 0 25 41 16 63 28 3 42 27 10 61 60 18 75 64 53 36 16 98 5 25 57 11 18 27 23 11 4 82 80 34 99 54 5 
5 61 9 51 85 95 3 42 94 28 23 61 43 12 52 36 30 30 58 9 14 69 58 65 84 95 99 9 50 65 66 5 45 76 11 21 81 41 3 97 54 32 66 66 84 60 9 35 16 64 0 64 18 87 86 16 89 91 8 75 83 55 9 29 34 24 73 84 33 64 53 16 93 97 22 85 18 65 45 79 18 70 24 98 33 72 68 91 42 39 19 47 66 43 30 39 50 92 91 4 
80 42 74 86 43 74 87 20 99 67 53 8 54 91 65 3 87 65 91 48 46 59 13 61 7 51 86 21 56 6 14 68 86 12 71 70 49 73 27 25 10 99 48 53 74 52 66 15 46 87 65 17 96 28 74 57 97 77 13 70 88 97 79 16 25 49 5 92 57 88 94 13 48 70 95 45 36 9 4 7 77 8 69 74 25 46 38 61 16 85 1 57 89 26 53 85 30 71 62 48 
33 66 11 5 94 9 4 8 88 12 14 42 88 86 39 73 70 15 84 50 93 47 81 37 97 16 0 46 73 64 13 23 70 36 26 1 89 67 75 53 5 29 76 12 75 8 60 87 52 36 29 38 80 0 77 88 26 58 60 99 71 29 79 30 14 18 52 53 26 73 67 79 92 33 20 77 39 66 19 74 18 34 71 37 16 13 31 80 10 59 6 37 90 90 13 97 92 20 63 72 
89 60 30 60 45 77 60 44 75 29 82 40 0 0 39 43 79 54 62 56 56 87 93 26 63 4 64 94 84 33 82 41 51 69 89 86 74 23 20 40 36 55 59 25 3 43 2 52 88 66 56 10 49 7 88 48 70 4 45 65 87 14 17 33 6 19 12 10 9 27 65 29 47 23 51 48 99 23 78 13 32 16 74 18 87 31 19 11 77 59 75 6 19 39 25 9 46 67 43 57 
86 53 80 44 35 47 33 2 57 37 96 38 6 75 50 71 8 84 66 20 9 61 77 65 6 53 89 52 69 23 19 50 3 58 44 48 96 19 0 65 39 48 88 21 49 52 45 43 54 42 81 16 36 82 55 6 89 49 94 50 66 65 78 94 81 71 30 74 79 24 92 80 67 20 96 1 41 62 83 6 23 59 87 17 31 31 97 28 6 5 11 94 64 89 8 10 30 53 60 61 
18 95 11 69 15 76 31 2 80 9 41 75 46 2 27 62 45 46 13 22 60 64 83 8 92 2 70 37 76 21 43 6 25 64 92 4 35 82 8 89 82 9 3 30 92 78 21 5 6 23 6 44 68 58 72 0 26 54 57 35 77 41 27 2 14 54 42 32 30 5 42 16 48 61 35 82 4 42 49 6 96 9 83 72 41 47 55 14 20 96 7 71 49 99 82 27 74 97 95 84 
60 0 60 60 16 70 3 84 22 60 7 98 95 9 1 86 15 90 96 48 56 48 51 90 86 63 55 24 44 50 6 41 32 47 97 9 34 24 68 93 30 71 17 64 0 2 66 71 60 9 79 66 2 19 32 9 29 75 11 56 43 51 7 42 62 32 40 94 63 76 3 62 6 80 20 43 45 23 87 16 58 2 13 17 53 40 20 73 95 3 74 28 36 94 6 18 56 74 13 85 
46 98 26 13 73 2 21 73 27 24 87 5 1 81 89 6 19 43 8 87 12 97 14 92 78 78 32 33 78 50 28 4 46 50 62 21 7 53 87 7 38 59 42 94 20 30 6 93 28 67 26 98 5 71 4 58 36 74 8 47 90 77 90 34 10 29 23 44 25 89 77 29 51 39 65 32 34 21 14 79 31 99 18 9 34 51 4 17 27 49 10 17 41 59 84 41 23 70 77 86 
16 69 99 47 20 67 4 73 36 34 77 20 96 3 14 40 44 68 39 13 17 45 54 75 51 43 12 41 84 49 0 65 95 79 68 81 11 5 68 6 69 39 42 93 20 27 71 53 37 30 64 20 18 24 41 11 37 94 37 16 49 26 28 19 99 2 97 59 95 91 22 44 50 34 7 54 13 74 51 3 60 39 25 45 12 20 26 40 79 70 0 56 99 85 27 92 92 62 57 55 
53 73 82 62 26 2 94 40 61 41 52 88 9 13 95 87 74 75 61 37 64 17 55 36 37 73 88 4 68 7 9 28 60 25 96 86 84 79 44 39 7 46 2 18 72 30 34 53 72 81 72 65 39 17 1 52 18 59 43 59 82 41 80 22 76 19 92 21 85 9 81 45 30 69 58 73 3 50 11 29 38 86 33 34 40 35 75 93 53 66 28 87 45 80 0 23 48 67 95 42 
