90 54 48 92 18 95 15 13 94 74 26 63 49 87 65 12 7 67 45 80 76 74 42 61 84 30 66 44 80 72 
78 37 17 96 61 89 42 66 79 80 20 11 87 27 17 54 95 5 37 42 75 3 73 36 92 46 86 17 39 60 
92 97 76 3 93 35 38 2 5 22 32 57 34 7 10 85 45 66 59 30 66 80 69 67 75 1 13 51 93 0 
26 85 16 87 63 8 23 37 98 97 27 36 30 53 40 51 70 40 2 59 57 64 47 69 21 7 88 49 57 80 
17 44 56 88 77 87 33 4 32 54 21 67 67 89 78 85 30 99 96 47 88 84 42 87 8 53 17 18 81 9 
18 42 39 8 25 34 58 57 58 26 36 58 38 20 30 21 39 49 44 49 32 99 19 96 59 73 53 45 63 43 
73 23 63 51 92 16 3 52 88 56 51 90 58 64 97 8 67 97 94 36 94 90 54 32 99 52 7 84 73 98 
94 57 13 77 71 36 71 17 39 2 42 70 35 39 50 42 55 97 73 38 65 55 50 37 57 33 0 1 96 9 
44 78 25 18 95 22 33 70 33 27 67 35 40 9 10 49 7 96 36 10 38 34 43 49 52 86 18 96 71 43 
20 10 65 32 78 78 0 42 43 81 26 46 12 75 51 93 54 80 99 77 77 79 67 68 39 52 18 17 13 42 
25 98 52 26 97 38 37 61 90 31 28 70 76 26 89 18 66 37 58 98 69 22 9 64 69 46 58 57 99 32 
21 74 15 8 88 8 58 32 97 64 72 69 21 13 8 72 57 16 78 68 74 55 71 34 74 34 8 66 68 62 
8 7 28 5 5 12 99 12 96 34 88 4 10 75 50 69 62 47 13 58 74 52 5 22 39 79 75 90 72 1 
11 79 67 39 50 99 43 42 99 4 17 15 61 18 86 57 92 68 36 67 40 34 36 85 95 85 24 5 23 3 
76 18 5 96 37 97 28 35 64 93 40 50 48 45 43 35 64 31 74 4 33 49 92 50 80 9 84 2 70 71 
48 24 6 73 67 26 59 83 24 39 42 86 98 73 40 96 23 67 59 5 67 45 32 11 76 60 86 52 46 69 
6 95 96 10 75 30 82 79 70 65 36 14 2 79 68 31 71 17 59 61 2 39 11 98 23 31 39 57 99 37 
90 20 28 81 84 31 11 65 70 38 21 73 32 84 48 32 28 44 38 80 87 46 62 75 70 15 9 4 5 48 
58 71 33 38 43 63 95 80 19 82 99 25 40 39 89 39 68 99 59 44 59 36 31 6 86 93 68 45 95 69 
95 86 89 77 78 2 22 19 16 94 94 72 19 68 94 14 9 74 92 26 80 92 24 99 62 12 36 5 25 32 
14 54 72 80 57 96 55 57 40 62 14 22 49 10 45 42 72 42 4 81 48 23 76 35 73 6 10 38 78 0 
47 2 33 12 2 40 36 93 78 81 88 39 4 50 42 53 41 1 32 43 56 73 10 43 6 45 44 62 10 64 
6 18 89 23 19 9 4 15 51 88 11 88 23 76 20 49 56 25 73 27 24 90 43 52 69 37 14 90 98 5 
7 19 41 85 11 83 34 36 35 83 73 83 13 21 32 72 29 13 50 4 76 61 27 15 61 58 19 36 14 38 
0 84 42 86 82 7 42 61 97 88 59 18 98 72 71 41 3 10 45 44 5 53 58 75 71 26 41 94 41 30 
57 32 87 79 77 80 69 61 23 67 48 54 42 55 66 9 39 71 26 92 65 63 45 87 47 62 25 86 63 89 
28 52 63 71 27 56 31 97 4 37 3 90 65 8 56 60 21 58 8 14 3 78 46 64 53 8 32 5 76 71 
91 73 67 82 42 32 46 48 87 67 59 24 43 16 51 60 15 64 37 71 94 30 62 20 44 14 79 5 10 27 
82 99 80 32 80 92 48 90 69 49 28 68 10 58 3 26 67 54 49 25 72 15 37 20 0 37 22 0 85 36 
41 70 62 94 98 8 72 48 51 35 44 3 25 98 81 66 4 52 52 46 4 70 3 84 2 45 8 40 84 74 
