45 51 93 23 80 10 28 34 25 49 6 52 52 49 54 87 56 62 25 73 41 61 94 19 1 71 26 48 78 53 66 31 19 20 85 46 57 53 42 79 69 89 68 79 85 51 89 1 34 97 
25 50 90 74 32 66 76 61 55 70 66 29 69 21 30 47 16 72 5 44 9 22 2 21 53 42 99 49 5 64 30 10 29 9 47 76 31 10 51 63 19 97 50 16 24 77 18 27 82 74 
12 41 69 58 39 73 9 24 93 80 59 66 92 22 50 39 64 32 6 90 85 17 30 49 38 6 45 92 32 40 45 88 25 57 13 58 61 36 7 4 48 35 19 94 60 90 90 45 32 97 
93 55 29 31 32 18 23 1 98 23 94 56 99 29 38 34 21 10 50 7 56 49 71 62 24 21 81 60 41 85 3 86 42 55 94 77 89 65 51 64 59 6 21 39 43 71 25 81 19 91 
42 90 49 73 78 27 15 98 99 72 6 46 82 87 65 80 70 83 40 53 44 50 88 29 16 82 82 87 79 31 36 58 25 51 19 88 35 71 87 89 35 18 97 52 96 6 33 36 33 79 
35 76 64 1 83 34 97 44 42 40 13 43 54 26 45 86 52 82 52 50 53 28 73 75 98 14 62 76 59 14 53 11 45 85 4 37 27 73 99 73 39 1 56 86 85 90 76 46 68 76 
75 53 85 10 24 68 70 85 8 8 0 61 95 2 77 44 92 6 25 42 13 69 81 76 55 73 12 48 43 17 13 41 10 97 86 96 44 27 29 34 35 8 42 10 57 69 39 2 0 12 
2 62 7 79 22 78 99 79 91 59 86 81 67 11 0 83 28 14 41 48 1 92 28 22 72 5 4 87 40 1 32 97 61 72 21 0 12 71 97 53 1 37 73 13 67 12 4 50 65 41 
22 49 24 20 63 63 94 41 26 62 90 52 84 8 1 78 4 77 81 40 75 27 26 94 26 23 12 53 84 44 57 92 79 22 15 32 70 35 30 38 61 86 31 89 73 39 8 7 19 96 
14 90 14 84 53 57 12 99 82 46 33 84 94 16 30 18 59 80 62 86 39 10 84 78 74 28 35 22 72 99 90 13 1 95 62 74 37 16 79 57 48 94 45 84 13 21 61 66 78 76 
30 2 99 46 68 51 57 85 39 87 31 6 88 69 61 73 38 67 9 57 91 13 48 48 0 49 79 19 20 56 21 32 65 77 18 83 1 94 51 4 91 71 2 94 65 11 70 45 12 80 
22 77 93 18 75 41 75 2 62 3 60 39 89 78 54 68 24 69 30 52 77 67 98 64 77 16 76 46 82 94 64 37 15 70 51 22 18 96 69 75 70 60 25 60 77 22 33 36 55 89 
67 11 85 45 82 33 55 83 99 22 62 81 3 48 78 68 27 58 30 62 43 46 61 14 80 47 21 65 88 89 77 0 46 0 95 11 76 61 85 29 2 43 94 43 76 24 89 16 23 92 
55 77 88 49 55 28 46 87 24 16 97 97 93 62 36 38 51 21 99 60 38 35 98 38 41 32 48 96 53 89 69 7 12 20 87 53 22 32 9 65 95 76 93 0 8 72 59 58 50 35 
78 89 55 93 32 56 62 11 14 73 32 80 90 24 89 95 92 33 69 66 45 97 25 16 58 34 80 6 13 68 69 87 56 81 90 6 25 53 51 52 53 7 80 69 57 51 99 20 59 60 
29 51 24 63 12 49 79 40 99 88 49 96 22 13 3 74 4 16 56 83 5 83 89 54 50 17 97 34 79 63 89 92 87 56 34 6 40 2 50 39 1 75 15 0 63 67 82 50 42 21 
26 3 56 87 48 84 61 53 1 67 6 88 50 29 51 67 98 14 70 67 74 48 42 79 0 53 59 85 59 81 30 67 26 64 33 60 55 87 72 23 25 48 69 0 25 33 42 49 17 0 
1 60 2 31 71 12 36 69 69 7 31 46 97 55 77 27 21 30 32 27 93 60 33 49 20 80 4 59 42 73 71 60 98 66 67 97 65 19 60 20 69 22 23 14 12 89 24 67 27 90 
14 65 10 53 44 78 50 89 54 43 57 48 73 80 58 57 81 13 40 97 9 63 77 82 94 71 66 74 10 91 5 16 86 67 40 70 62 51 75 15 28 76 15 18 27 19 68 21 95 39 
72 22 58 28 20 54 14 21 27 18 42 83 96 87 3 71 68 38 93 98 96 18 20 98 0 94 45 56 13 64 12 88 36 58 60 1 77 29 48 80 81 43 11 86 18 33 36 38 29 88 
35 24 52 64 77 10 72 19 84 61 48 29 11 96 1 21 48 69 84 61 75 81 95 96 21 4 6 36 83 80 39 39 73 81 38 71 62 6 51 66 68 27 17 48 60 93 0 82 1 20 
17 94 28 73 83 1 22 12 39 74 47 31 29 20 87 79 17 0 67 28 59 31 32 25 77 68 89 14 47 11 47 43 35 24 85 73 60 62 15 46 96 58 93 15 23 85 50 60 31 51 
0 1 47 26 98 51 47 20 21 37 99 62 19 55 15 49 30 95 45 59 0 71 68 15 42 7 94 50 49 99 56 59 59 23 74 7 71 21 49 80 15 91 29 91 61 48 1 89 77 70 
31 87 53 76 66 40 73 21 38 99 77 14 72 77 20 92 41 2 0 54 97 84 31 95 6 87 8 35 21 85 63 36 90 83 46 29 30 37 60 69 19 54 14 58 41 1 90 0 76 89 
92 70 54 46 99 67 66 65 58 18 38 24 80 99 74 35 14 45 38 99 37 24 61 53 57 79 58 59 21 20 27 32 77 42 19 80 15 51 16 43 53 42 21 60 9 15 47 62 27 30 
21 57 38 4 20 88 3 98 8 80 32 77 93 21 41 81 44 40 97 27 68 16 38 36 33 5 47 64 34 51 55 36 75 68 29 64 62 61 67 46 95 75 92 25 73 79 44 54 38 10 
80 92 40 85 90 18 45 45 6 12 73 66 47 13 73 55 95 58 0 19 47 51 51 86 71 19 33 99 20 43 24 83 45 6 62 66 0 60 55 48 5 15 27 53 69 40 1 76 46 47 
9 89 74 37 73 89 3 70 32 4 87 59 21 41 73 77 25 94 16 27 69 8 57 7 43 35 25 17 59 54 76 81 13 41 89 5 3 66 73 6 80 54 52 87 82 63 10 4 66 97 
88 26 67 53 28 87 82 37 79 32 13 1 19 16 37 97 84 23 60 51 31 18 94 24 9 18 72 18 57 54 66 9 93 48 40 40 2 82 7 3 64 45 49 67 51 42 83 78 33 47 
92 64 32 12 35 54 42 75 62 2 37 81 97 5 95 53 22 11 71 65 52 26 82 24 40 12 65 17 62 35 70 77 88 75 93 45 14 37 28 78 34 78 46 1 6 13 9 81 18 95 
49 88 80 80 96 12 6 15 96 64 14 82 69 11 75 3 47 44 72 87 73 11 21 17 72 38 30 87 32 55 52 5 38 28 25 92 43 80 34 24 32 37 56 47 83 59 18 27 27 57 
2 13 4 50 58 96 31 58 93 62 35 87 98 78 42 84 88 82 41 96 5 14 15 8 10 18 73 29 79 90 76 10 52 62 20 6 76 75 1 85 68 80 38 48 16 32 12 15 82 77 
13 6 97 20 23 2 43 27 26 17 40 3 57 56 13 32 82 16 80 2 14 31 88 13 83 2 50 58 77 37 82 75 17 57 17 91 35 24 56 78 74 92 47 52 77 65 90 16 11 52 
89 94 39 44 60 34 92 7 43 58 53 45 7 95 26 23 77 48 36 28 21 23 63 59 46 96 38 25 37 54 72 68 61 92 14 65 62 8 98 86 66 69 32 81 33 9 88 71 25 99 
4 89 86 90 73 88 75 98 82 68 39 23 9 30 19 90 57 54 97 5 38 93 78 2 40 55 22 80 67 76 71 69 43 94 7 94 97 1 60 67 87 40 80 58 89 25 26 16 8 37 
97 5 72 89 4 98 42 76 54 73 88 27 9 92 47 78 23 30 64 10 26 95 34 49 23 86 94 21 68 77 73 60 88 97 69 61 53 56 45 95 36 65 54 42 64 56 1 59 28 81 
69 86 41 81 92 63 28 41 94 33 10 63 91 81 46 41 38 35 57 14 85 98 46 55 89 49 34 36 15 26 20 85 58 75 80 22 48 36 51 25 70 17 21 78 43 53 53 82 58 99 
51 73 22 18 74 4 34 3 66 12 41 9 88 71 77 46 97 0 59 52 74 59 37 48 40 0 90 42 0 1 99 46 28 76 51 95 34 72 59 27 67 14 2 30 26 5 40 59 5 98 
81 30 47 76 4 75 64 84 96 53 25 53 75 59 18 13 60 40 34 87 25 88 27 69 70 31 25 24 18 18 94 68 70 23 12 53 46 70 99 8 91 89 1 35 34 86 37 21 9 15 
8 51 14 55 61 75 77 13 70 8 37 62 94 52 14 90 76 88 14 85 14 37 49 81 73 91 3 53 88 98 44 83 25 9 94 32 91 0 25 40 59 75 70 36 55 47 11 21 8 8 
98 52 36 44 70 93 19 64 20 49 79 79 84 75 30 34 93 39 10 62 43 47 6 11 91 37 36 48 22 84 99 39 37 59 80 89 5 1 81 24 66 22 88 94 8 82 67 96 97 65 
81 22 55 51 71 88 81 27 21 27 65 55 66 68 57 67 24 48 22 97 86 55 77 38 64 39 67 42 62 15 34 48 36 17 59 14 62 27 64 61 44 34 18 65 32 44 3 81 58 33 
19 9 9 90 46 52 26 87 34 37 24 46 90 71 88 75 85 37 98 38 86 23 38 0 92 67 80 4 99 75 90 43 22 2 70 78 39 11 40 87 99 79 56 51 33 99 35 17 76 82 
96 48 14 32 87 73 6 93 90 7 82 75 5 27 22 86 53 33 91 44 40 93 52 44 51 99 25 15 64 84 25 5 54 96 15 14 99 54 63 7 65 77 16 89 98 40 2 15 92 10 
81 86 82 66 21 4 73 51 58 8 82 62 64 91 43 45 41 43 89 70 52 3 50 84 2 74 34 45 16 64 31 59 91 47 56 78 77 8 89 10 83 21 40 28 38 60 29 57 22 40 
29 29 69 1 60 39 4 5 95 10 69 57 90 39 5 36 54 63 59 91 13 28 88 77 71 5 24 0 32 62 26 16 63 51 33 61 19 93 85 39 47 54 0 36 12 32 36 98 18 27 
66 72 66 31 12 85 88 7 32 96 53 25 16 43 63 19 83 22 24 10 69 30 80 34 35 30 55 93 46 78 87 10 32 65 0 20 53 26 90 94 97 1 81 52 91 53 54 0 80 15 
43 28 72 59 87 6 55 7 65 15 60 44 14 42 22 16 62 78 12 56 32 33 5 89 22 41 69 61 99 66 84 63 15 49 66 40 92 74 26 38 73 16 57 68 30 84 60 31 61 77 
57 75 87 38 61 8 28 17 83 30 81 93 75 91 31 42 82 8 65 25 78 56 55 55 49 58 4 68 43 60 25 59 74 7 45 32 48 95 88 69 8 77 15 84 79 19 40 57 27 75 
14 1 59 71 29 40 50 70 94 15 60 9 43 36 3 56 99 22 32 82 51 75 48 76 44 86 18 87 48 25 97 4 98 27 95 86 63 66 52 64 17 45 21 54 47 94 56 10 51 76 
