83 97 18 55 1 2 33 47 29 75 79 24 79 21 32 20 65 45 90 66 72 51 59 5 22 8 24 24 34 37 11 37 43 86 83 77 96 90 44 3 58 60 73 65 36 58 81 30 16 7 3 57 51 50 82 44 39 96 39 90 64 54 1 72 95 30 25 69 90 8 35 39 7 34 7 85 97 90 89 66 35 65 12 40 69 70 22 70 80 40 19 20 62 69 42 7 7 53 28 20 
54 92 70 71 5 24 30 15 49 41 87 56 86 55 90 10 94 33 79 59 82 34 66 34 34 9 79 87 10 8 14 7 91 8 94 12 70 83 33 40 53 38 78 20 35 2 42 33 88 19 93 40 4 0 36 38 34 76 27 87 54 62 43 36 12 97 91 15 10 71 57 35 44 42 25 89 84 31 93 72 69 88 11 43 84 50 34 51 5 66 83 43 89 86 43 13 84 69 51 11 
80 94 34 67 50 49 82 33 24 69 3 53 51 72 58 82 89 54 90 99 43 93 23 76 54 14 29 32 42 60 12 34 8 31 28 46 34 7 28 77 91 18 7 39 49 74 81 62 64 79 16 46 28 98 33 53 94 26 26 56 99 98 58 83 2 34 17 97 9 37 85 16 96 84 19 68 48 99 54 93 7 61 80 25 19 77 90 70 18 74 29 61 41 68 9 18 37 38 95 66 
8 42 0 20 48 68 47 65 60 1 79 68 70 11 31 77 18 25 57 84 55 16 76 83 96 34 44 20 97 10 99 88 93 63 59 16 47 9 59 85 81 11 98 19 74 28 78 15 28 58 63 56 94 3 33 97 15 6 80 89 46 74 35 31 88 80 90 10 43 47 61 56 40 27 86 51 80 37 6 3 87 85 74 93 98 38 91 88 29 19 54 63 49 56 49 47 6 92 1 90 
66 60 77 63 41 79 73 40 95 28 13 38 29 40 59 42 90 29 10 1 69 9 53 79 46 70 10 17 11 52 98 89 78 52 42 73 15 23 22 51 76 31 84 79 95 25 35 41 55 77 57 8 21 13 77 33 95 25 2 30 20 35 66 40 10 90 46 53 7 78 14 51 17 2 57 72 77 81 0 28 67 72 47 95 70 64 42 14 59 0 89 25 76 96 65 5 89 44 50 31 
58 15 18 25 5 15 45 43 90 75 23 46 73 33 12 39 23 64 24 32 97 47 85 97 42 69 12 65 87 63 78 45 24 96 18 67 28 12 41 54 53 3 9 76 62 94 33 51 7 25 84 22 31 73 24 51 86 66 66 19 31 15 59 6 80 12 57 31 48 0 43 5 95 65 9 66 77 52 17 72 75 70 66 70 30 84 16 42 24 83 51 38 77 65 90 25 17 61 98 67 
25 55 0 61 30 19 84 47 57 53 4 93 72 1 40 27 67 50 75 75 41 14 49 2 24 38 38 19 68 70 99 73 24 0 97 59 93 87 95 3 0 47 13 12 43 25 4 99 43 68 49 9 0 89 94 56 29 96 76 6 50 18 92 90 54 81 38 49 68 64 74 82 10 16 35 27 63 64 50 95 4 87 7 95 8 11 77 34 91 36 78 20 68 37 45 78 81 59 91 90 
11 27 9 55 76 96 26 9 8 21 64 6 57 34 47 51 74 48 20 77 16 84 30 11 52 89 56 45 33 74 75 50 37 75 44 20 7 40 68 59 48 44 15 82 55 50 60 70 10 37 31 88 17 45 11 96 36 14 59 58 57 97 10 8 82 27 80 47 14 26 64 93 84 39 6 27 2 49 34 17 77 62 85 96 41 74 9 70 76 96 16 48 56 73 65 40 58 65 56 32 
86 44 12 4 55 16 40 49 20 80 2 13 74 33 27 70 77 81 16 31 10 51 37 8 45 35 39 66 37 99 47 87 41 85 80 20 72 41 8 35 54 51 95 20 77 10 25 93 84 88 10 48 72 43 41 6 64 61 32 89 64 42 5 2 2 9 97 64 90 33 68 42 40 5 60 59 29 29 22 77 61 84 55 2 0 41 66 52 40 51 16 46 63 88 80 46 89 50 41 5 
70 80 40 65 67 18 10 46 77 34 64 77 85 91 9 70 40 96 75 48 10 61 11 67 75 0 92 5 82 54 14 17 90 43 37 77 28 82 33 91 5 47 19 36 16 45 39 4 88 96 53 84 61 25 56 22 89 73 87 39 43 0 23 24 89 96 4 35 34 35 14 12 96 9 90 8 36 81 53 67 54 6 70 70 41 72 3 90 47 64 61 25 26 29 90 27 9 82 76 85 
67 55 3 68 52 97 25 7 29 68 57 31 9 96 9 49 49 18 55 71 56 38 87 97 14 65 32 32 50 51 33 66 1 23 99 1 6 46 79 38 5 25 30 13 15 37 66 46 36 4 34 48 91 49 76 88 55 77 43 1 88 91 33 95 81 77 90 66 2 70 34 70 5 66 59 61 60 40 7 77 69 94 63 28 55 99 47 12 19 4 18 63 26 71 75 61 56 71 16 54 
79 32 69 14 5 98 91 5 7 39 62 58 21 63 21 23 52 35 18 90 94 8 46 69 52 28 44 46 32 52 26 94 35 56 44 33 80 13 17 85 97 10 9 16 61 93 74 26 12 5 72 33 78 70 14 20 65 32 67 83 8 57 51 11 88 93 29 36 47 48 4 40 21 28 86 51 66 9 88 52 66 33 34 27 6 44 81 9 87 64 36 12 79 21 64 84 34 20 83 79 
91 96 27 77 45 81 11 40 56 71 93 79 70 48 17 46 8 27 58 56 76 95 68 77 84 3 0 92 61 14 73 66 58 91 32 47 31 45 79 40 3 15 29 97 84 40 21 3 36 70 42 0 65 39 0 72 61 94 4 13 6 79 55 1 75 5 18 86 0 43 53 3 90 70 47 64 54 43 98 3 83 71 5 49 27 51 25 72 82 58 67 26 11 20 6 45 86 66 86 7 
35 7 65 97 1 35 95 33 83 23 79 99 52 10 61 65 36 20 90 35 34 52 50 86 48 14 91 37 61 62 66 67 35 51 38 16 56 75 95 7 80 4 9 13 52 5 7 0 89 5 18 24 21 98 46 57 96 61 30 5 36 45 2 73 25 74 38 76 38 82 0 36 45 52 71 4 90 78 88 26 24 80 92 20 68 68 52 37 79 35 5 9 91 50 99 28 57 93 62 24 
6 30 2 83 15 24 1 90 57 32 34 62 77 85 13 67 98 44 41 84 70 97 69 59 26 75 46 93 2 48 6 6 74 93 90 84 67 95 39 6 65 51 81 68 70 91 81 29 83 33 57 96 25 65 40 63 84 13 37 90 97 61 24 81 52 95 17 20 78 93 51 34 61 50 9 52 82 9 10 23 54 27 35 95 12 23 6 45 46 48 1 96 23 77 67 45 77 9 5 48 
96 68 22 66 74 70 33 32 49 62 0 76 38 97 84 75 69 38 71 77 42 81 44 81 76 25 19 33 65 46 38 76 47 29 61 16 94 72 71 75 36 64 65 54 47 84 98 88 61 59 64 96 33 82 58 63 79 89 47 83 39 25 56 60 61 84 21 98 50 17 38 1 5 1 62 95 75 27 35 46 13 85 11 32 32 57 74 15 47 16 79 86 7 96 30 53 56 9 97 59 
85 39 35 97 29 19 46 88 16 52 56 66 3 84 74 35 15 2 45 14 71 85 60 51 39 46 10 12 0 73 78 20 35 37 16 44 86 74 1 69 96 30 79 51 95 73 1 46 70 5 27 19 85 19 99 15 56 61 74 47 44 98 24 1 81 78 9 74 21 11 81 84 89 10 74 79 62 62 20 13 96 42 0 14 24 97 11 80 12 27 93 43 2 96 96 8 22 99 89 50 
99 68 76 16 23 20 66 24 41 40 68 19 90 30 14 2 43 81 91 3 58 48 52 87 26 64 61 22 30 46 52 95 85 85 42 35 57 51 4 87 61 46 87 13 7 22 91 7 76 8 33 27 81 5 7 57 48 22 74 23 99 7 52 13 45 23 52 23 37 27 43 61 69 46 20 62 50 46 18 61 13 6 71 46 78 66 36 48 25 16 53 32 64 29 56 42 94 67 55 84 
0 35 50 78 40 39 79 94 26 63 9 6 32 19 18 67 81 55 46 57 99 72 38 9 38 74 69 77 56 50 28 21 3 15 75 15 60 62 50 51 42 93 52 49 96 23 54 63 85 95 40 98 68 43 22 38 5 98 2 86 51 33 15 8 61 58 65 39 17 83 25 95 54 59 91 20 47 93 48 80 73 14 71 45 88 34 35 68 47 15 15 84 49 62 26 52 27 73 94 40 
91 69 72 12 8 63 16 79 68 64 70 73 14 39 63 70 94 40 58 10 20 5 41 76 57 67 2 74 40 56 11 7 94 97 43 83 34 47 43 13 53 3 60 70 46 33 14 45 77 18 9 12 5 1 72 46 11 48 97 64 14 57 29 80 21 96 97 12 39 95 48 43 42 67 33 59 55 1 74 85 72 94 88 70 90 25 77 49 20 84 86 28 77 13 97 21 32 25 11 85 
39 1 56 43 17 11 20 70 16 1 23 76 60 25 19 58 42 19 82 84 12 71 67 21 37 73 38 2 42 69 52 34 75 71 66 94 97 83 90 65 50 49 83 60 10 7 36 60 70 18 15 2 97 32 64 9 74 63 35 10 36 2 46 38 14 68 94 93 93 79 93 20 11 29 77 78 38 49 75 77 93 52 23 52 94 80 27 77 34 7 20 62 59 34 45 87 21 95 21 86 
46 40 44 1 78 31 87 44 94 92 90 53 88 33 99 99 95 54 73 30 13 46 44 13 8 36 85 75 18 15 67 23 76 56 73 70 40 13 88 91 60 53 44 66 14 8 65 14 82 5 58 31 9 57 14 46 78 57 3 30 19 81 88 47 45 38 43 69 45 88 10 90 21 56 38 17 60 60 49 79 56 59 87 18 33 13 83 55 6 9 1 84 90 39 65 34 96 21 86 2 
21 6 29 98 47 33 12 60 70 60 4 17 12 69 67 97 61 73 26 18 30 30 54 28 38 42 35 28 22 87 46 72 0 17 85 14 57 88 76 14 21 42 2 33 70 2 17 91 61 84 53 0 85 78 63 62 53 97 37 65 99 82 58 12 40 46 80 5 19 13 27 7 66 20 17 15 35 51 59 66 62 51 11 39 25 26 3 73 68 4 60 24 64 71 6 3 16 10 38 73 
89 58 46 63 6 10 78 35 69 51 99 10 46 8 11 68 78 10 39 63 20 96 49 11 80 3 32 69 47 78 4 66 58 53 77 71 62 79 68 3 67 37 53 10 59 37 30 5 51 0 6 63 42 81 33 93 20 34 2 17 53 29 10 9 40 44 93 65 11 10 44 34 3 45 81 80 64 14 23 78 74 65 95 19 42 13 76 35 3 50 6 68 39 61 38 80 81 86 35 71 
77 0 21 15 67 55 77 48 96 58 87 86 82 21 94 5 75 16 57 15 74 46 11 25 46 17 2 48 63 34 83 17 59 11 73 51 72 32 89 51 14 78 61 93 94 55 63 94 31 8 23 54 12 40 8 24 52 0 23 21 53 81 1 19 17 43 30 79 31 90 95 38 54 88 45 36 75 5 85 62 2 1 53 85 51 20 91 1 0 3 89 45 58 5 10 95 92 5 96 23 
49 16 88 57 52 15 8 78 21 78 29 50 90 94 88 10 11 42 36 90 25 47 10 36 69 3 2 17 49 25 5 38 56 57 66 58 72 41 9 82 49 32 59 28 23 0 25 81 12 40 90 36 47 27 52 41 69 36 21 65 16 97 54 8 17 70 95 52 46 71 25 11 56 27 62 61 5 1 28 62 28 80 39 90 34 73 11 53 17 26 94 67 86 12 15 45 14 41 51 70 
13 75 71 25 11 75 24 89 41 61 50 40 32 99 77 4 4 24 18 60 76 34 54 87 36 75 87 93 33 74 43 1 63 5 88 15 58 32 97 35 40 8 40 12 20 88 99 93 53 51 10 54 56 4 76 78 0 29 51 7 7 58 78 49 68 88 68 72 68 87 34 34 84 69 24 32 68 30 65 87 0 71 79 76 82 70 14 85 29 65 43 67 26 72 33 57 4 67 65 73 
34 81 85 47 13 72 43 48 50 76 22 44 0 57 11 22 45 43 31 71 96 47 62 62 73 14 94 34 23 88 26 18 67 2 22 71 96 37 68 23 59 18 47 61 39 82 51 75 48 2 65 78 45 6 85 63 7 1 7 97 68 34 23 27 20 97 87 56 13 3 12 79 95 67 72 25 75 44 7 12 46 22 39 95 51 5 0 88 32 12 21 86 19 35 16 82 90 45 87 76 
63 27 6 43 10 76 28 82 27 71 63 19 88 12 91 79 47 78 71 78 92 54 49 39 64 75 96 82 48 67 65 19 23 90 84 83 89 30 85 54 5 63 36 57 26 87 85 45 89 0 34 23 65 85 65 48 53 38 35 98 20 7 22 6 99 31 2 97 63 32 41 23 67 12 5 47 40 72 42 88 1 4 31 29 2 81 98 41 83 65 89 52 97 84 89 3 31 52 65 62 
41 72 54 87 90 28 79 50 45 87 82 12 39 1 56 2 75 96 27 78 19 95 4 65 8 95 3 0 93 90 18 24 22 24 2 5 32 69 28 20 38 53 68 14 35 70 14 44 4 21 9 78 37 24 28 60 14 53 86 76 63 78 22 83 62 63 83 8 51 30 0 70 78 89 10 81 2 74 71 17 54 69 32 54 12 24 27 76 56 19 71 63 36 51 63 52 65 56 9 50 
96 19 86 28 38 59 55 5 53 46 24 95 88 33 94 43 18 47 24 56 39 73 79 23 40 63 87 79 15 10 6 89 43 10 8 39 59 62 58 78 10 37 21 19 48 8 32 87 12 7 39 66 5 6 71 68 36 24 10 79 47 44 75 64 62 94 50 13 90 30 33 30 3 46 40 82 21 95 65 61 41 53 61 51 66 77 72 91 65 55 77 69 76 78 79 49 92 38 9 75 
46 39 36 29 81 3 61 54 96 89 73 20 74 77 12 11 68 73 5 70 24 6 55 56 97 91 40 66 54 39 69 63 96 41 80 37 21 71 29 41 63 6 73 35 95 33 7 33 91 55 43 8 75 25 85 55 56 15 15 80 52 2 6 94 37 99 29 8 82 63 48 41 26 32 71 56 81 31 67 34 20 43 17 83 99 43 49 47 85 49 32 82 91 18 1 39 56 25 77 50 
39 95 0 53 68 58 76 31 88 26 73 62 81 35 6 84 30 71 19 45 11 76 18 93 65 70 20 94 53 98 77 96 9 79 77 30 90 25 29 8 27 24 14 69 97 6 25 85 3 82 81 20 45 94 26 37 91 38 17 13 33 37 2 63 76 82 10 8 40 77 38 2 43 67 53 5 81 58 96 10 4 88 97 11 94 18 1 94 68 74 16 93 47 26 23 39 21 40 58 74 
6 83 81 83 2 4 35 75 94 57 80 92 10 49 28 29 12 88 33 88 74 52 55 24 70 70 29 47 38 53 51 0 95 29 35 9 1 99 76 31 36 85 10 70 98 96 10 3 30 29 8 62 99 52 2 33 41 55 90 68 12 36 20 27 22 22 10 19 63 55 0 39 8 68 21 51 40 72 10 95 10 14 77 45 17 91 7 97 91 29 59 30 81 13 32 69 0 15 41 48 
89 64 69 73 21 49 67 1 36 56 94 17 18 7 11 82 55 56 1 72 0 29 94 70 99 29 47 13 63 49 82 38 88 50 2 2 6 49 73 15 28 28 78 60 20 40 33 10 51 14 84 83 70 14 44 72 1 67 19 4 15 25 91 90 14 86 6 89 78 22 44 94 70 19 89 90 17 94 55 95 85 46 91 9 33 10 52 56 49 66 73 2 38 97 91 26 5 93 64 64 
52 80 49 50 84 92 8 95 65 61 31 46 98 72 10 19 29 70 24 20 86 84 50 21 14 52 29 90 87 64 49 60 90 27 97 26 95 36 0 21 34 23 76 21 78 3 65 43 39 25 69 48 22 94 52 14 56 73 82 8 56 80 42 65 8 78 30 96 78 77 95 63 18 23 67 89 96 35 99 47 17 71 92 66 19 16 65 44 26 95 18 37 35 81 39 37 48 52 90 56 
83 96 69 76 48 99 57 8 43 62 22 11 52 18 7 73 67 84 5 97 78 65 63 54 29 77 3 63 0 48 57 75 63 1 32 29 22 33 24 19 29 48 86 59 51 78 14 2 79 6 58 4 84 55 56 33 10 13 72 36 32 29 8 96 41 11 25 67 31 35 81 17 65 49 58 80 78 52 31 14 88 20 84 98 56 79 48 37 22 44 52 99 62 98 56 96 38 64 10 8 
69 59 66 53 84 93 71 29 25 83 96 73 64 94 75 75 40 81 97 7 79 34 46 77 1 30 63 14 65 4 47 47 88 31 8 74 33 20 68 37 30 67 20 93 78 12 27 48 39 71 99 75 72 55 11 97 89 13 21 18 49 77 92 8 62 26 48 82 95 39 23 50 79 8 3 43 73 23 43 39 26 82 49 92 62 76 25 46 96 81 13 37 25 94 87 57 75 36 8 40 
89 6 60 26 24 58 76 47 34 14 29 30 31 72 61 73 44 44 72 48 29 89 35 66 14 61 77 87 64 29 23 79 68 61 12 75 1 70 88 11 7 14 18 10 90 93 9 80 59 48 45 61 26 81 86 95 24 16 89 65 16 70 33 25 9 71 13 38 78 94 94 62 4 43 50 87 39 22 24 88 8 52 82 44 93 61 38 47 25 25 7 68 55 2 19 73 10 71 59 92 
28 81 91 16 3 32 14 88 79 66 75 10 65 97 27 38 99 24 39 96 54 65 40 83 39 19 26 21 22 88 56 71 37 98 32 36 67 69 37 64 17 92 38 64 43 26 84 44 35 76 94 39 18 43 73 20 39 13 18 5 55 46 87 43 57 69 43 29 44 53 1 36 67 62 88 27 9 84 63 25 75 33 57 36 38 99 79 47 26 61 42 2 97 75 50 14 49 69 11 84 
50 96 84 55 15 12 93 7 29 1 60 69 46 91 55 23 37 8 91 20 56 92 37 66 88 26 71 78 22 22 23 27 38 96 72 61 98 73 74 31 80 54 57 90 80 21 92 10 15 57 50 48 97 47 37 48 82 80 31 72 82 52 75 93 16 54 20 75 79 11 52 12 52 0 67 45 59 98 1 36 18 47 62 95 42 27 52 98 94 28 46 7 98 20 1 79 85 7 51 82 
16 84 49 4 3 32 93 95 32 99 45 35 9 23 28 74 92 92 19 43 26 44 57 22 70 88 53 14 91 48 55 29 7 36 14 30 98 10 67 34 40 3 73 63 27 93 21 13 77 22 14 28 80 15 24 92 16 55 41 38 64 21 17 28 75 23 56 85 50 94 97 17 91 67 82 41 24 68 5 19 10 59 21 68 41 5 11 19 69 26 28 14 26 5 19 2 37 67 41 0 
94 49 84 18 0 48 45 1 4 16 70 87 67 92 50 22 36 78 83 56 17 76 40 80 35 19 52 85 44 66 76 82 2 31 49 18 26 60 4 94 38 93 74 4 97 27 51 58 72 60 59 25 11 91 2 38 24 18 43 75 44 62 35 95 25 67 2 91 77 24 90 57 33 71 6 66 24 14 55 77 73 17 69 17 50 57 55 41 94 94 20 91 84 65 21 93 96 25 2 97 
49 29 4 99 51 50 82 44 53 17 15 61 68 41 54 29 69 72 49 7 99 51 50 21 7 78 79 34 1 41 27 16 72 25 39 74 3 78 35 28 2 9 62 47 69 32 61 87 80 67 82 61 14 70 7 27 37 73 13 83 96 17 66 7 70 98 0 5 78 96 73 2 88 84 88 59 65 45 57 28 0 47 19 36 67 71 58 25 88 66 76 76 35 68 98 93 18 81 37 24 
94 9 74 15 50 24 11 92 65 69 21 13 30 60 46 26 61 4 28 7 52 84 23 33 78 48 67 5 62 96 27 22 32 60 98 15 73 8 5 50 22 12 56 63 42 46 40 32 84 38 48 67 82 38 5 12 70 74 50 22 87 35 15 85 50 23 64 33 14 26 82 64 57 77 39 65 31 8 36 91 0 75 90 95 41 58 60 53 60 70 75 97 42 66 35 30 27 50 55 9 
56 70 0 41 52 85 67 96 30 99 45 85 61 78 98 61 88 64 87 81 8 40 43 92 21 48 60 22 78 54 68 74 13 90 17 88 75 51 49 97 92 70 47 22 65 55 77 17 66 40 31 83 83 45 91 43 48 76 32 14 10 87 12 8 9 90 93 0 9 83 56 66 49 23 37 75 57 75 74 40 92 92 95 72 5 77 34 73 55 43 27 81 79 54 1 63 69 69 2 55 
0 39 15 45 27 52 28 16 43 36 41 74 86 40 50 63 98 68 96 60 30 10 5 14 25 5 23 2 52 27 3 9 33 27 9 12 32 79 12 40 33 31 98 48 59 91 72 86 89 98 20 40 40 26 8 8 89 83 10 17 58 90 27 9 53 72 8 97 19 80 9 84 58 32 92 81 93 90 29 65 28 3 18 57 45 33 90 66 46 94 41 4 62 89 15 1 97 39 27 35 
9 35 7 17 56 47 16 59 46 62 28 85 64 96 70 69 92 60 31 11 56 62 88 97 31 78 19 1 12 57 25 60 56 62 67 62 99 60 30 23 81 18 5 41 70 41 67 7 77 64 28 6 40 31 54 65 95 39 11 87 4 13 43 80 13 55 39 11 64 5 61 24 63 64 56 28 32 80 41 78 90 77 7 79 3 64 38 95 81 55 83 33 28 84 33 60 67 33 0 60 
24 81 56 49 70 84 88 97 32 50 22 62 24 66 51 8 45 58 26 85 97 68 74 20 75 62 62 54 55 84 51 50 90 62 90 56 61 10 79 73 77 32 32 59 47 33 83 83 51 88 95 89 6 16 69 64 32 66 45 39 45 48 44 9 55 65 95 50 4 40 15 25 52 4 71 52 30 73 51 84 29 3 33 57 1 58 60 46 74 93 30 33 67 92 85 13 65 88 35 18 
68 63 45 23 45 20 36 85 81 42 1 56 97 1 68 86 67 73 33 79 75 77 97 56 21 37 36 10 29 44 5 83 78 0 98 63 9 47 71 54 80 90 54 98 30 2 30 14 53 4 71 29 4 69 39 32 4 91 20 30 77 25 44 31 82 30 23 66 12 84 77 42 96 32 73 17 35 95 61 32 48 50 21 21 73 78 10 47 19 70 39 92 1 75 82 13 82 46 42 79 
85 0 85 87 59 30 74 16 65 84 94 39 85 9 76 17 69 49 88 95 71 10 4 77 19 77 12 15 56 75 87 32 89 59 76 75 67 55 57 64 48 4 72 48 89 94 9 19 40 32 49 87 79 64 22 64 45 22 55 97 6 53 29 72 49 28 53 33 6 46 31 70 56 11 39 24 16 93 21 39 30 43 64 74 54 19 0 17 76 10 87 24 14 86 65 12 71 42 36 57 
79 51 43 89 39 9 71 9 36 1 44 40 40 89 82 18 84 48 30 50 98 64 61 66 70 8 17 30 16 86 82 59 5 99 38 40 9 37 94 82 84 45 8 96 92 11 82 36 1 45 67 58 78 25 86 32 35 48 9 79 90 49 48 24 90 83 19 77 92 28 24 76 49 98 5 28 4 81 2 49 97 41 38 16 17 72 79 6 27 81 14 83 39 30 78 49 24 47 37 81 
26 98 90 47 51 51 81 3 24 47 24 33 10 22 74 34 28 66 64 12 92 20 56 56 24 61 41 16 9 74 17 43 44 35 3 41 12 83 61 1 76 11 44 90 76 94 36 67 49 22 81 79 79 10 94 79 75 46 80 84 43 1 99 18 22 0 74 72 77 58 24 9 42 58 48 55 5 69 10 40 72 8 33 38 82 82 2 24 48 56 7 9 98 41 78 10 50 80 93 25 
78 90 30 89 48 66 91 15 35 60 55 63 25 55 74 67 85 70 62 27 6 88 92 26 28 85 7 91 74 4 91 44 88 82 24 54 22 46 7 52 85 40 59 9 4 43 86 7 18 94 99 12 31 57 73 26 86 56 30 18 6 95 87 59 19 95 44 90 57 93 62 19 87 70 12 56 83 19 8 50 6 80 10 0 60 15 36 49 8 49 20 36 50 76 93 81 53 15 67 32 
90 21 42 80 23 71 32 25 79 41 75 53 40 7 70 51 64 97 51 41 24 34 3 6 35 95 53 28 27 0 73 50 7 44 7 72 70 10 0 83 37 36 89 10 18 92 17 29 86 14 35 52 30 3 37 89 38 82 51 47 92 63 28 56 15 10 54 40 79 56 85 13 34 23 12 12 29 4 34 25 37 71 3 82 75 17 39 20 68 24 61 83 23 32 88 64 98 41 87 69 
89 24 51 21 49 11 43 39 0 9 71 66 57 5 55 69 90 85 54 33 96 75 7 8 71 65 92 83 23 87 83 40 98 10 54 24 23 29 82 4 52 1 95 65 29 45 33 20 88 35 24 90 22 15 45 91 12 8 27 32 24 70 9 17 21 36 89 98 48 45 55 68 12 68 70 31 25 75 82 71 98 86 9 47 80 91 95 16 9 7 60 7 83 74 95 74 69 92 79 73 
56 25 35 36 36 91 14 83 76 10 57 53 69 83 74 87 77 89 32 72 45 5 62 1 14 85 51 53 16 98 99 4 89 57 60 91 27 1 57 16 14 83 72 60 41 97 49 70 59 2 74 58 69 33 35 95 28 21 6 15 33 65 29 47 21 41 36 31 90 71 4 20 67 74 95 1 49 70 83 2 34 24 61 61 73 92 42 43 78 10 56 21 40 36 65 31 23 39 68 20 
26 27 89 67 60 26 19 38 22 78 83 66 77 66 12 46 84 42 97 11 21 53 10 16 36 71 5 27 15 39 21 78 52 72 44 82 91 68 35 10 74 0 84 9 88 57 56 17 17 43 69 95 86 27 44 75 26 40 26 82 16 53 58 65 43 4 82 65 79 39 81 83 1 30 89 81 32 98 10 85 62 4 63 85 94 56 20 75 62 83 37 27 5 57 10 52 47 86 53 26 
20 58 64 24 90 79 54 25 57 20 82 5 38 4 63 6 12 72 27 40 14 0 65 78 62 7 13 35 56 62 42 17 71 60 63 86 80 88 11 97 82 33 15 41 42 80 79 55 29 87 82 29 28 11 22 71 56 19 69 94 1 71 69 42 60 97 79 38 41 41 56 96 79 71 13 68 45 29 43 3 11 83 16 60 50 71 3 73 55 36 26 39 2 1 47 75 31 63 95 21 
94 74 47 50 83 95 76 55 36 14 41 33 15 1 72 41 50 2 98 91 99 33 96 59 1 59 7 15 97 93 78 79 41 32 40 82 14 91 18 25 93 28 52 69 79 65 79 40 68 42 9 45 0 69 14 88 7 68 63 85 42 69 1 77 26 19 42 36 81 14 81 14 76 12 9 4 9 14 0 42 64 10 79 10 8 95 12 44 99 22 42 98 98 98 97 30 40 26 45 14 
97 67 58 85 10 28 17 63 84 53 13 52 26 13 90 53 63 74 53 62 27 15 20 37 16 1 62 96 46 75 77 25 82 26 23 43 40 47 38 54 28 4 84 43 20 27 88 57 23 61 66 2 73 72 26 1 67 58 26 31 70 24 81 58 33 0 57 39 44 68 88 50 98 73 0 2 48 85 12 51 51 73 60 97 21 22 75 64 21 63 18 13 6 91 41 77 75 34 26 59 
1 86 98 71 74 44 28 49 92 2 30 26 3 24 57 11 4 92 58 15 81 26 69 40 48 5 34 82 69 25 21 41 8 50 7 39 88 2 53 14 43 34 8 56 71 47 2 73 70 9 38 8 7 53 15 64 68 27 16 67 53 73 17 21 77 25 70 78 54 60 50 87 56 62 14 15 14 40 55 49 89 96 65 66 94 62 10 3 65 6 3 8 16 38 56 64 22 83 79 17 
44 87 50 43 85 27 89 47 56 39 23 48 52 38 73 49 92 97 10 50 74 70 98 28 21 30 83 25 15 37 51 16 7 89 11 63 69 55 71 3 10 69 83 78 20 34 88 81 10 22 78 88 19 36 55 40 76 94 21 90 42 30 62 41 85 14 61 1 99 87 93 23 6 77 39 28 70 92 72 95 10 44 46 80 43 72 63 60 12 52 85 33 8 4 96 85 87 57 28 5 
19 76 72 28 68 89 19 90 87 32 28 54 44 76 19 16 96 85 33 89 29 2 3 2 68 87 7 30 63 66 63 92 88 67 83 78 72 43 65 69 92 38 75 0 58 72 16 57 76 43 55 8 96 64 73 48 55 37 12 83 73 8 61 13 22 59 37 29 36 21 33 33 15 46 82 51 28 27 30 44 32 99 5 38 81 27 60 78 65 11 9 70 37 98 98 42 6 28 36 5 
10 93 42 68 80 88 67 58 97 66 58 81 31 85 98 98 97 2 86 90 42 1 21 88 48 30 71 80 15 62 47 42 87 62 18 5 79 69 30 63 60 59 97 38 69 23 73 25 34 95 78 18 90 39 53 42 42 30 5 13 91 41 70 19 83 42 84 83 75 56 58 13 6 64 22 20 35 86 0 46 84 32 1 65 8 83 88 27 23 39 77 52 9 7 80 23 1 91 91 88 
6 78 99 25 76 13 73 98 1 35 26 97 84 67 98 90 82 61 34 90 17 65 77 5 70 56 46 75 96 1 46 72 70 96 64 20 68 38 75 43 39 2 96 34 55 41 91 4 71 74 94 43 46 89 30 92 40 58 20 14 8 47 20 33 45 11 29 65 89 15 77 24 6 44 22 61 57 42 32 58 55 19 48 8 39 59 49 68 97 46 1 45 85 63 93 99 94 97 45 78 
94 31 74 69 54 32 67 51 4 5 77 73 81 3 11 26 44 56 91 55 92 76 79 77 39 49 90 13 90 3 39 56 5 85 15 18 94 8 72 72 6 40 58 19 34 11 97 36 42 34 66 32 93 77 61 85 56 41 7 98 74 0 50 34 41 41 40 98 71 0 36 76 86 36 70 8 73 65 0 48 88 77 24 65 91 7 52 78 64 33 28 95 70 23 80 4 1 71 84 0 
42 44 51 38 85 59 55 64 16 68 17 30 34 7 91 20 22 10 54 49 74 51 45 53 50 84 63 94 44 55 32 89 56 94 3 85 9 90 77 80 39 99 49 48 3 67 61 58 6 78 4 67 87 77 79 86 53 59 85 25 56 1 41 62 10 49 85 9 34 49 94 74 80 70 16 65 34 65 82 39 85 45 65 15 79 5 47 30 72 17 92 46 91 73 28 59 30 51 65 42 
49 80 65 39 2 86 82 99 65 12 43 7 59 68 39 74 83 80 86 12 84 87 67 68 2 7 15 53 42 0 23 90 89 23 62 18 57 18 96 61 14 19 97 80 20 64 0 65 98 10 56 26 59 59 91 88 1 10 12 37 32 84 72 18 81 1 72 99 74 97 96 71 15 32 83 54 77 92 65 71 37 68 79 33 1 92 88 36 31 56 92 9 52 55 34 41 71 45 55 94 
15 32 80 29 94 24 76 82 77 40 9 73 49 39 63 78 83 25 74 81 37 80 4 63 96 64 18 0 13 45 63 22 37 18 15 6 21 29 19 60 97 73 57 77 68 97 43 26 43 90 18 49 42 69 27 44 46 86 33 68 34 55 13 93 8 80 54 55 87 80 30 42 22 17 39 95 95 33 65 54 34 18 11 54 60 48 83 53 0 67 59 98 62 75 54 36 86 22 13 41 
97 45 26 91 8 34 18 83 22 27 84 42 62 33 34 99 32 36 1 37 33 69 24 94 31 87 29 3 77 21 3 31 13 14 56 9 59 22 16 98 6 95 17 25 89 15 24 96 40 70 15 40 46 92 78 1 57 72 21 17 2 22 34 59 46 61 68 46 2 36 87 67 63 55 96 82 32 52 19 55 54 65 45 95 47 85 94 35 19 84 65 99 10 75 98 47 39 71 77 55 
84 58 38 30 83 1 8 61 22 69 84 13 1 49 41 91 41 54 58 65 40 27 58 92 63 64 63 90 60 41 62 58 48 29 3 10 28 19 95 38 56 58 86 33 52 15 51 64 52 77 38 45 28 30 77 48 9 53 63 90 79 24 86 5 91 4 7 99 87 11 77 66 23 51 72 25 13 90 70 77 43 86 37 41 2 22 33 78 28 57 94 76 74 71 8 37 58 3 24 6 
67 74 40 50 13 98 53 48 64 95 79 25 72 73 8 66 27 5 61 29 93 38 45 39 52 37 66 85 41 28 93 71 47 6 90 6 22 52 2 75 39 91 86 76 41 26 80 77 61 76 2 88 78 89 76 50 40 51 52 68 17 59 69 82 35 32 44 59 46 38 86 22 11 11 31 97 25 93 14 89 42 36 95 70 15 35 21 84 85 14 68 88 90 12 95 91 19 64 70 12 
80 86 83 4 92 2 98 7 31 8 50 67 83 13 67 23 67 63 72 66 87 75 56 51 63 35 87 88 70 8 58 98 70 49 43 75 84 81 1 54 3 42 13 24 46 84 45 40 36 55 1 23 56 99 56 53 61 50 87 22 32 84 6 3 98 35 63 98 75 27 35 44 48 33 44 53 46 65 43 86 1 71 69 70 15 77 93 62 98 47 49 4 23 98 7 30 8 61 3 33 
23 62 13 45 32 59 87 58 84 8 9 6 43 99 25 95 12 51 92 82 80 68 69 56 8 26 38 23 96 96 81 90 62 3 51 11 65 38 73 76 95 30 52 28 86 17 18 96 31 3 45 97 71 12 26 58 2 39 44 50 6 92 44 7 72 51 16 21 70 89 15 85 26 51 53 80 52 28 82 89 94 44 0 13 10 50 6 63 46 22 54 88 50 2 56 5 69 34 13 67 
36 10 29 30 47 4 93 93 2 44 5 80 95 18 63 45 51 21 94 11 51 36 88 39 98 38 11 72 65 56 79 8 82 53 44 73 19 64 63 89 46 4 93 17 43 54 57 89 52 50 47 98 59 53 84 38 6 23 93 65 69 85 25 18 91 69 35 59 67 42 23 56 23 97 98 98 11 8 89 37 95 29 56 14 51 9 5 48 50 52 7 79 3 38 63 4 93 82 61 51 
22 17 98 52 78 92 74 65 30 12 27 6 17 81 77 47 43 16 51 9 68 55 63 37 60 83 85 53 7 32 91 68 49 78 60 97 45 77 58 46 48 78 45 16 77 90 15 25 46 8 6 67 92 17 67 43 54 60 4 35 74 3 82 96 94 67 52 1 90 73 86 62 20 47 32 57 31 53 4 61 32 42 56 22 60 81 68 7 7 99 55 42 61 37 99 98 37 35 43 72 
98 67 90 52 5 44 36 49 10 5 54 59 16 49 55 39 77 60 2 85 23 64 87 70 95 20 33 32 98 99 90 32 24 55 54 68 78 34 60 66 49 70 32 97 51 71 84 38 6 15 12 54 25 98 39 61 3 53 72 81 27 75 56 47 14 6 87 40 28 45 52 19 68 22 49 57 97 96 80 66 99 70 21 80 70 91 93 70 71 89 2 33 30 21 12 98 91 37 66 55 
87 82 0 69 37 79 52 34 39 19 30 84 37 69 65 33 79 31 8 51 20 23 92 72 34 21 3 51 71 20 53 53 31 31 10 36 6 2 75 65 59 61 62 2 19 24 27 52 55 49 79 80 76 59 35 20 12 32 3 5 74 96 71 44 94 62 49 60 68 12 61 84 77 66 30 91 85 86 64 79 70 68 14 54 28 76 3 62 73 71 91 5 49 60 4 42 9 25 31 0 
25 51 67 18 40 44 23 92 32 74 68 52 72 43 62 71 93 24 10 18 36 40 67 33 95 23 50 7 55 84 82 27 84 56 32 76 99 10 11 54 63 63 55 39 19 33 60 41 33 57 57 30 64 30 8 33 14 77 40 0 23 76 51 47 29 35 89 97 17 29 5 28 69 98 97 67 19 45 40 87 66 41 17 14 25 17 73 12 97 77 36 40 92 82 84 86 14 73 69 83 
17 32 7 21 11 24 49 92 28 42 49 1 11 22 63 41 40 10 12 38 89 16 64 96 28 44 36 36 64 31 65 14 38 8 70 3 43 52 55 94 71 87 36 30 48 45 82 67 75 6 17 41 67 15 0 78 97 77 69 64 97 51 42 34 39 13 0 9 40 68 0 56 96 34 67 11 30 15 68 40 54 7 80 9 77 72 43 66 20 10 14 65 52 20 54 41 7 16 2 92 
68 45 55 64 57 80 67 60 22 98 51 35 20 77 12 28 10 14 96 92 34 3 12 75 6 32 37 16 55 1 46 6 76 22 73 11 60 56 53 98 45 30 97 11 83 59 62 48 3 93 10 72 54 39 86 51 44 18 34 90 4 8 19 55 39 24 36 20 64 84 41 20 71 11 49 20 36 25 67 62 44 32 56 15 40 13 78 10 19 67 18 48 88 9 26 51 99 91 97 86 
12 71 16 55 59 0 42 42 56 2 79 39 13 80 18 29 60 62 38 64 33 41 38 90 99 85 22 30 93 76 86 50 73 47 92 92 23 0 33 23 27 40 24 40 42 42 44 95 74 38 46 0 15 95 52 63 38 23 9 65 5 51 67 1 17 20 20 95 13 63 4 2 81 75 6 35 29 88 25 71 22 69 71 68 13 87 13 18 99 49 29 89 18 77 69 48 36 25 0 73 
62 8 38 77 56 87 64 68 13 37 31 4 25 67 25 14 69 13 75 92 54 53 9 83 97 15 67 76 47 16 78 9 99 36 16 31 85 4 38 59 60 3 3 17 27 96 78 12 28 43 17 32 11 34 35 54 97 28 16 27 88 26 0 78 61 55 52 96 81 33 81 58 32 15 41 70 24 45 68 48 47 34 0 12 62 11 1 57 47 59 37 80 58 78 44 17 50 59 90 9 
41 26 23 62 54 18 85 93 65 44 75 89 67 66 89 35 21 17 15 35 33 64 11 62 53 87 53 87 10 98 56 29 27 11 13 4 90 67 68 50 51 18 88 46 14 33 31 87 67 62 60 95 7 84 50 63 83 22 27 17 36 2 59 47 59 17 63 10 76 58 27 78 78 24 7 2 50 80 68 60 0 43 53 73 20 81 7 89 12 24 78 1 16 47 51 49 59 26 13 40 
68 46 96 55 99 15 52 8 12 87 17 35 5 99 11 8 71 73 48 14 82 22 70 99 67 40 58 66 57 63 16 22 44 15 42 26 27 38 34 22 75 78 80 91 77 1 27 48 16 16 5 7 55 46 11 25 83 6 46 91 15 55 38 71 55 37 94 45 1 94 54 75 81 28 12 88 94 22 84 95 45 97 84 95 47 94 97 54 62 67 69 66 47 46 68 90 4 49 56 23 
1 64 18 19 53 17 19 38 42 12 24 91 3 97 99 41 56 46 19 18 17 69 45 41 17 17 91 8 9 53 82 0 38 69 54 41 15 59 74 85 9 45 28 66 65 76 45 65 39 38 57 6 50 21 56 8 71 21 27 20 53 41 36 33 56 99 85 78 13 57 19 43 65 38 46 52 11 17 67 48 99 29 40 89 87 48 26 12 47 80 78 3 56 46 87 20 23 85 77 20 
30 67 3 26 79 61 79 38 18 51 28 68 51 75 58 81 28 84 80 40 77 45 98 19 51 9 58 48 67 22 97 69 46 15 23 13 15 90 17 53 76 17 11 7 15 12 79 94 69 0 63 65 44 59 58 69 19 23 93 42 49 85 75 58 45 3 22 89 85 73 17 26 62 27 61 98 2 86 68 13 73 40 31 52 94 65 44 1 10 39 57 85 28 52 33 64 83 94 83 59 
24 8 87 14 38 29 16 94 53 52 6 5 26 16 82 64 42 77 11 39 89 66 64 3 6 64 88 29 57 76 14 50 80 92 46 91 87 56 74 75 93 26 26 12 29 26 40 26 4 6 35 31 45 5 54 23 80 73 72 2 93 72 61 97 91 55 70 55 20 30 5 4 54 80 93 44 41 23 88 38 50 25 41 17 45 47 53 62 13 40 57 99 31 82 45 86 47 91 24 25 
81 74 82 8 28 62 8 3 88 91 43 79 65 68 52 88 77 81 21 93 39 38 24 96 72 22 99 68 34 1 52 24 68 66 48 10 15 31 39 73 95 38 83 92 21 49 48 49 7 55 94 86 1 21 30 92 58 68 5 64 82 85 54 35 28 78 15 14 74 51 74 70 89 52 58 79 73 83 73 53 19 91 40 83 66 88 19 31 30 20 45 58 7 74 27 86 15 79 66 85 
44 56 48 6 2 9 10 72 24 21 86 51 65 80 50 33 14 7 36 98 99 40 75 74 53 86 71 25 8 91 79 33 92 20 46 23 78 63 88 47 97 98 47 98 88 45 33 44 74 18 8 52 21 91 38 43 98 37 63 9 21 24 28 12 42 78 16 54 76 74 93 84 92 56 0 87 44 37 52 33 25 0 69 30 78 60 65 56 47 13 14 27 43 64 64 82 38 96 62 70 
74 86 5 44 1 58 53 91 49 41 45 82 75 83 73 52 55 58 92 86 89 54 59 15 62 39 32 41 62 13 88 1 40 47 46 24 38 3 84 3 29 2 50 23 20 68 23 99 95 88 73 19 90 9 93 5 13 30 51 60 91 58 88 64 69 18 41 8 66 78 92 42 89 9 45 60 1 22 75 32 31 47 34 90 45 52 48 6 4 86 96 79 62 69 78 71 27 31 21 45 
36 37 33 70 38 57 80 56 11 56 90 82 68 17 83 0 25 21 16 74 32 88 91 90 49 74 58 2 62 70 9 52 47 83 63 54 29 46 40 52 47 79 1 88 0 9 34 69 21 83 75 33 52 20 17 15 4 17 77 68 47 60 54 29 82 95 88 42 97 83 64 62 89 25 71 95 27 44 28 16 35 96 6 95 3 45 31 38 23 76 86 96 42 19 19 54 29 50 4 66 
72 64 38 80 86 31 34 19 29 70 56 27 89 59 46 34 84 32 52 67 52 67 42 51 67 73 22 40 79 50 13 17 41 51 5 28 32 37 32 25 40 59 75 68 73 77 55 60 24 97 53 36 54 74 65 63 61 7 54 15 7 9 78 25 59 76 87 17 68 86 26 48 30 68 18 29 44 36 68 86 63 93 26 75 17 59 71 27 48 34 49 25 64 88 72 16 48 13 6 54 
68 67 81 49 17 23 76 18 95 74 33 2 80 73 38 74 41 63 23 75 36 88 13 64 81 46 29 23 22 43 71 23 50 44 17 28 66 21 56 43 1 12 16 19 1 72 18 0 85 82 90 73 20 74 89 94 46 11 4 36 25 89 75 18 51 84 88 66 50 8 99 74 17 24 73 65 21 29 26 40 75 64 19 23 87 12 79 64 24 79 53 1 68 46 78 66 14 84 31 21 
35 18 88 22 90 51 62 17 80 48 81 61 3 36 48 9 89 72 67 57 11 70 42 42 78 52 47 77 34 84 90 76 11 78 86 30 40 61 82 43 49 10 67 34 34 64 79 8 39 78 13 90 47 23 11 2 73 83 7 14 25 70 44 85 72 40 66 88 22 68 73 32 16 46 37 57 3 6 44 79 29 76 21 0 53 74 44 42 0 41 20 34 84 52 69 21 55 18 81 71 
92 31 83 71 24 65 14 58 19 88 80 66 42 11 6 50 35 49 25 63 13 56 63 83 74 40 91 40 4 22 34 3 40 53 82 37 3 16 79 68 75 42 43 8 65 7 7 69 47 0 43 47 82 89 64 82 84 87 58 96 22 4 9 88 37 2 50 12 25 74 53 12 11 28 38 32 94 3 19 9 74 36 54 63 96 37 10 84 49 92 21 7 16 4 92 39 80 77 21 14 
0 87 83 81 41 12 50 63 84 21 88 32 17 11 80 49 37 82 63 90 78 17 98 83 17 78 73 21 79 70 63 60 9 81 34 31 50 57 18 50 97 49 5 42 77 91 44 6 97 92 5 99 22 20 46 62 29 45 14 65 81 41 31 73 96 95 40 98 93 41 52 99 95 63 45 54 74 73 89 4 38 14 95 41 52 74 29 70 89 43 2 2 41 33 35 98 43 76 6 33 
35 66 89 20 4 73 11 75 52 95 75 94 68 50 0 95 43 22 91 81 22 48 72 47 11 99 77 85 8 7 84 8 91 20 78 7 29 60 5 58 28 31 18 83 32 32 4 3 42 71 48 82 74 80 41 84 55 36 8 35 87 75 58 3 53 33 65 49 59 23 48 38 43 42 19 88 86 49 24 83 22 56 10 86 92 69 45 56 15 17 26 9 19 40 80 65 25 80 24 69 
59 88 64 47 22 66 78 75 32 9 49 92 69 12 54 69 24 11 46 63 58 69 45 70 54 11 14 27 74 98 96 38 2 11 27 39 99 34 54 23 18 3 71 52 88 71 16 39 6 35 66 19 26 66 29 47 54 46 36 72 54 93 44 13 26 64 28 75 67 60 8 95 84 0 98 27 42 24 46 46 41 91 76 25 89 49 12 75 26 9 15 14 48 32 80 12 53 97 71 45 
