16 89 73 8 93 93 43 89 29 53 14 70 93 44 90 14 78 3 53 87 72 83 35 34 22 69 5 73 91 62 
60 64 4 41 96 46 53 40 74 61 13 89 9 48 51 17 98 16 83 43 2 81 30 57 30 46 13 47 10 19 
0 10 6 0 95 95 86 85 2 90 22 77 71 33 39 87 4 30 0 26 60 32 89 29 24 18 45 61 28 15 
84 41 52 56 78 68 47 62 7 66 51 11 37 27 66 30 34 29 6 34 40 18 39 60 80 26 44 24 78 70 
33 56 55 82 8 10 87 69 87 60 0 17 52 46 88 86 60 18 98 74 71 70 4 77 63 80 67 18 29 41 
80 23 11 23 8 10 44 9 92 96 16 39 38 61 72 79 78 86 78 52 54 33 56 18 31 69 85 52 81 45 
75 89 93 87 49 94 67 78 77 7 97 15 75 87 7 98 20 85 49 88 2 51 16 92 24 70 50 4 71 84 
67 91 43 85 26 13 13 70 44 91 74 4 27 26 12 23 76 99 43 76 9 71 61 10 74 56 64 13 15 27 
35 45 25 48 12 96 84 84 9 9 58 3 81 83 70 53 31 54 29 9 97 5 5 62 34 89 17 37 13 62 
34 76 50 4 37 74 97 34 44 77 88 27 90 59 20 16 21 45 46 78 76 32 17 20 83 49 54 39 23 24 
98 60 38 15 24 34 68 83 16 14 68 57 6 6 30 84 67 99 93 21 12 88 26 22 42 74 13 70 46 50 
22 14 2 3 43 24 31 6 82 57 0 59 84 16 66 19 17 20 86 56 29 47 2 62 22 96 11 84 1 81 
23 84 73 59 67 83 93 27 77 21 77 77 15 61 42 83 90 13 88 73 49 19 77 50 41 84 52 47 33 87 
89 55 19 71 87 74 58 89 99 68 63 73 52 96 0 76 1 33 7 84 82 15 11 9 8 30 28 78 52 65 
42 97 42 88 33 7 75 58 13 85 24 29 81 88 69 29 10 46 88 31 36 70 36 76 69 73 4 71 9 43 
2 61 19 13 55 30 25 14 21 81 5 87 56 78 75 2 4 76 74 76 16 77 60 41 6 30 56 59 77 36 
80 38 51 88 5 97 66 35 35 98 7 45 60 20 49 0 61 66 80 85 6 15 53 37 32 81 3 68 34 88 
24 54 87 28 85 92 30 74 90 52 20 2 41 34 7 50 17 2 13 83 83 50 8 82 28 60 53 40 11 94 
42 11 66 83 38 9 17 70 67 55 38 21 63 90 3 64 97 87 39 0 82 19 19 44 13 5 46 93 41 50 
57 80 97 87 81 9 68 19 2 2 42 6 85 63 95 24 48 37 19 36 20 31 41 98 13 86 84 42 32 33 
30 15 58 62 85 59 74 72 38 40 39 18 72 50 64 46 26 15 24 4 3 97 55 3 77 36 62 54 67 59 
68 80 68 0 88 28 59 94 50 76 72 11 2 20 84 11 0 26 92 99 70 96 33 1 33 55 2 79 62 43 
8 84 86 99 13 31 80 71 22 45 48 36 62 35 44 57 74 66 91 75 8 83 5 69 1 68 31 75 49 46 
59 20 96 75 68 4 14 17 90 20 45 96 5 0 35 11 2 3 0 43 83 52 22 44 86 71 66 68 82 4 
96 53 97 29 22 80 75 88 73 48 95 39 3 8 50 35 1 52 13 20 59 13 15 74 38 71 68 31 40 33 
11 65 75 9 66 62 81 31 28 33 21 78 78 33 94 8 1 95 65 82 2 90 11 87 30 49 19 33 81 59 
77 37 27 19 23 91 62 35 51 45 21 53 96 19 91 66 76 31 19 50 83 72 51 41 5 76 6 24 98 71 
39 79 74 90 56 17 83 76 24 38 77 46 70 92 15 20 11 5 57 8 90 19 38 89 95 13 70 89 35 57 
95 51 69 35 67 80 76 28 47 22 43 52 35 71 14 26 91 79 4 67 42 16 94 62 68 68 51 96 84 2 
60 47 2 26 32 2 85 72 34 11 82 61 10 10 34 93 64 9 81 73 8 34 99 96 36 78 89 33 98 33 
