87 91 45 35 15 88 84 33 5 5 80 71 34 21 34 19 13 12 99 22 16 31 5 64 64 88 45 6 29 83 26 67 79 50 37 79 94 3 82 13 61 86 92 43 62 80 7 76 5 65 
95 48 27 7 65 91 92 27 60 7 95 21 6 77 55 88 67 17 55 35 27 58 39 87 19 39 71 60 61 25 26 48 58 66 10 23 41 34 98 85 75 54 79 44 66 86 51 53 49 38 
46 31 31 21 59 99 80 66 5 40 31 31 98 98 43 26 79 96 82 79 56 31 42 50 75 76 75 10 54 69 81 47 30 11 30 13 35 37 96 89 29 87 14 95 68 1 46 1 56 4 
37 76 36 80 77 64 11 58 37 95 34 89 48 53 14 58 93 5 22 14 75 76 21 34 67 22 88 39 97 27 1 98 8 63 66 80 86 94 28 43 85 1 23 27 73 87 10 13 6 97 
70 97 45 28 78 34 72 99 59 51 82 7 92 86 41 68 25 90 94 90 47 65 42 70 64 96 93 73 94 75 65 75 95 36 11 77 92 23 98 96 3 47 43 24 66 56 26 90 3 80 
68 31 62 94 60 62 26 57 57 84 5 74 78 78 14 19 39 84 83 7 13 5 11 7 26 48 69 19 13 78 40 19 31 73 10 62 72 19 44 2 43 93 77 21 29 3 30 80 47 90 
30 54 93 3 31 8 36 22 95 70 13 23 19 92 81 36 4 55 23 28 79 46 94 58 78 12 17 51 80 33 39 26 35 22 74 21 6 17 64 27 85 33 57 0 41 72 70 2 18 4 
99 50 45 74 47 17 23 77 6 74 33 53 24 71 38 27 6 29 33 33 78 96 2 61 35 9 24 25 64 16 7 79 72 37 47 35 70 91 33 17 34 81 31 8 93 59 99 24 59 32 
87 72 96 30 18 5 22 89 3 35 67 47 84 8 20 62 54 40 40 87 1 9 45 15 43 55 21 99 6 60 23 0 31 70 12 29 80 4 33 50 21 52 0 67 33 53 78 91 30 50 
26 85 39 45 13 74 99 40 82 75 84 26 33 21 24 54 96 49 83 89 6 49 63 7 87 46 32 42 77 27 29 49 10 59 52 26 6 11 75 42 5 37 13 20 94 42 87 91 76 16 
68 59 63 68 15 21 27 14 93 53 86 30 75 10 25 5 59 73 97 29 74 27 56 68 88 97 42 84 44 38 33 64 23 97 5 57 10 7 20 34 25 77 71 37 21 4 26 50 70 85 
33 1 96 73 61 91 50 80 33 77 66 39 5 69 27 12 54 2 12 91 5 15 61 77 8 95 91 99 0 9 14 96 33 97 88 24 17 37 89 3 75 43 89 14 59 22 58 77 23 25 
99 16 37 27 87 63 24 89 95 72 27 35 48 75 25 98 94 76 25 44 15 78 37 29 38 88 81 89 87 88 51 68 21 17 35 10 57 9 14 8 85 62 69 51 23 37 4 78 63 31 
95 41 79 79 98 77 44 32 31 17 37 91 23 26 90 78 58 64 85 53 45 50 89 44 5 10 59 59 25 90 90 20 75 72 80 84 27 86 55 39 68 48 51 92 16 30 3 98 2 84 
67 62 5 66 58 23 46 33 21 5 4 25 50 68 78 18 4 6 42 35 61 67 20 54 41 27 57 32 40 16 95 71 11 99 93 6 14 91 85 65 25 46 71 0 29 8 5 47 18 88 
13 35 4 64 70 78 35 91 68 2 28 32 44 43 7 12 86 96 60 12 37 43 0 36 40 6 69 94 10 70 44 28 65 7 82 0 41 88 81 0 72 45 10 94 67 19 10 74 71 15 
16 48 25 29 69 18 33 90 68 65 66 21 40 23 48 88 91 93 71 71 41 53 31 4 44 77 51 38 20 29 25 57 37 78 22 41 77 28 65 59 45 40 6 59 92 60 11 72 44 69 
57 91 63 78 43 32 9 86 92 92 7 46 94 73 10 0 10 65 87 24 59 64 41 65 69 9 79 73 39 36 13 96 62 62 72 67 27 15 87 62 92 43 13 75 22 35 8 43 41 57 
84 95 88 64 76 17 39 15 36 24 59 61 96 24 56 23 73 56 0 58 37 23 82 94 63 60 18 82 72 73 9 96 53 95 99 9 95 38 14 32 43 36 86 50 60 80 75 35 98 10 
11 70 8 84 32 57 20 68 90 63 96 87 40 95 56 78 16 63 31 40 22 39 41 85 58 96 50 26 19 36 41 64 27 4 24 71 32 84 91 16 31 80 76 71 19 2 37 65 65 83 
53 72 60 29 85 74 59 24 29 5 23 41 99 29 54 13 56 91 3 40 14 93 91 0 48 54 84 23 30 56 89 11 14 65 74 61 65 50 90 47 65 90 15 15 81 70 68 64 52 94 
23 95 91 22 0 92 66 46 65 59 89 86 41 63 18 26 87 57 68 57 27 66 54 75 40 93 85 99 2 95 47 4 83 61 3 64 4 54 69 78 71 70 73 42 30 87 19 66 55 48 
99 74 61 77 24 94 18 36 28 39 25 38 8 89 94 23 43 35 36 28 47 48 96 78 51 82 10 92 9 77 88 19 74 63 74 87 65 71 2 94 97 69 53 31 30 98 2 15 28 39 
98 63 9 81 68 38 60 2 38 13 96 64 94 94 21 94 23 10 61 22 39 12 51 80 58 30 48 13 58 14 44 72 11 40 46 42 65 6 68 59 6 88 24 72 12 90 71 90 49 80 
48 45 61 81 34 17 81 53 9 60 88 36 31 38 88 42 13 2 28 24 12 95 22 23 66 53 67 82 28 29 21 7 82 54 61 63 3 32 53 16 77 52 86 97 46 75 50 91 62 81 
75 20 98 59 51 59 52 98 3 55 62 89 68 78 18 18 14 46 47 93 84 24 24 36 68 83 47 97 3 62 46 94 35 48 56 79 72 27 10 99 6 45 73 23 45 66 18 3 42 61 
16 80 44 71 58 79 47 47 17 42 74 18 89 42 64 11 32 4 4 50 97 62 68 98 15 49 30 58 63 77 74 17 94 65 72 95 55 86 97 30 37 39 88 94 49 73 24 68 64 42 
2 8 77 20 9 3 36 27 47 56 9 5 38 45 9 58 99 15 38 47 89 1 33 33 12 84 33 48 84 8 64 32 54 91 63 4 40 55 28 67 90 17 68 4 12 99 20 67 42 39 
24 61 57 60 7 7 82 74 84 26 52 35 46 93 94 16 52 45 33 79 62 59 74 17 49 56 37 63 69 30 41 19 78 79 10 62 58 98 92 50 36 20 4 26 30 50 94 53 18 17 
44 80 44 36 73 13 34 80 68 70 80 89 28 79 23 27 68 5 91 52 83 41 62 38 2 98 17 56 65 9 80 30 83 97 99 43 37 55 47 8 40 62 61 25 89 80 71 50 79 70 
24 14 93 84 71 36 13 16 19 67 43 53 17 59 11 2 71 68 24 27 1 40 65 50 20 30 63 60 8 27 57 59 83 10 8 80 0 50 52 49 25 9 97 93 3 67 7 88 94 6 
24 9 23 75 22 66 19 38 98 34 98 67 99 92 60 55 95 96 37 87 43 81 3 41 11 68 48 60 83 92 62 7 1 0 28 22 70 56 55 85 63 40 13 16 19 98 47 64 17 76 
95 76 22 29 82 67 72 86 21 91 24 84 65 75 74 65 64 65 95 26 99 63 29 55 13 35 94 37 74 42 13 89 30 25 68 41 59 8 16 30 70 89 83 5 42 76 23 75 35 49 
46 32 98 7 47 24 44 19 58 96 38 69 85 85 47 21 37 28 42 78 64 25 80 99 61 96 97 67 21 35 48 55 23 6 19 98 49 94 93 60 92 52 8 60 69 87 18 74 85 43 
88 30 29 71 70 95 40 49 25 15 32 24 86 52 70 80 27 71 95 71 41 41 19 58 84 27 65 92 9 71 67 42 42 0 57 7 56 11 61 24 50 0 99 29 20 48 1 68 27 32 
42 1 51 16 7 79 69 38 1 15 24 34 28 71 66 55 62 92 15 33 85 79 69 26 76 10 1 86 98 56 8 45 14 48 34 89 72 56 2 31 78 43 54 42 98 60 43 58 0 78 
39 88 61 67 37 53 38 76 76 53 89 8 30 50 78 10 75 56 41 68 81 77 35 93 89 18 68 47 65 8 27 24 32 48 98 36 16 5 43 81 21 3 44 60 17 72 25 58 19 3 
39 4 3 68 75 73 20 3 19 81 40 95 45 99 63 63 53 18 23 68 41 79 50 97 5 1 20 54 91 37 75 19 64 98 17 40 96 81 85 68 71 18 3 53 4 77 48 59 68 13 
28 2 57 89 50 24 71 61 55 60 89 93 64 48 77 49 11 53 58 62 62 27 15 69 65 17 50 41 45 77 98 94 11 49 41 17 5 81 90 3 85 52 17 99 55 71 56 84 56 91 
90 79 38 99 71 22 9 40 15 94 3 94 35 11 36 5 52 52 13 6 58 48 82 27 26 54 40 55 98 16 57 22 18 54 87 90 2 65 6 25 92 86 54 93 36 91 70 12 94 33 
91 63 99 0 6 81 24 63 83 59 63 77 2 77 91 38 41 64 63 13 37 13 43 98 82 79 39 2 85 13 71 26 91 58 40 31 69 96 4 80 21 99 94 94 55 9 60 5 71 47 
57 27 55 43 53 47 55 37 25 67 88 9 14 52 30 26 55 59 8 17 13 7 77 66 36 32 91 53 89 53 44 30 56 58 30 70 30 6 6 0 18 95 99 33 97 57 99 12 44 76 
5 42 23 18 17 5 21 90 29 65 26 56 4 72 54 76 89 34 74 31 74 45 95 25 6 37 30 4 13 54 59 42 22 32 23 6 28 15 42 20 79 98 52 90 82 54 47 97 94 4 
11 99 44 91 72 3 93 56 90 2 10 27 15 38 15 47 54 43 8 16 52 39 65 28 79 75 82 97 64 84 72 94 98 64 66 95 83 25 91 66 66 63 93 39 75 19 62 54 13 55 
96 90 13 47 3 53 52 5 14 64 70 72 66 37 61 16 82 6 71 8 37 84 2 9 73 52 60 81 96 63 95 74 97 59 61 77 65 77 41 20 63 71 26 38 26 78 77 25 26 11 
47 51 15 79 46 20 96 8 3 19 46 98 65 14 75 51 81 70 67 90 64 78 13 85 74 82 64 35 37 16 64 32 50 44 47 51 29 40 63 51 1 94 78 29 85 77 64 74 79 65 
78 71 6 82 61 33 75 41 34 39 5 18 5 89 14 11 72 65 36 56 38 29 60 20 20 8 62 18 41 13 88 21 0 74 5 95 14 83 83 3 72 99 17 18 24 27 41 90 82 66 
41 13 62 74 84 6 25 58 65 7 89 41 67 49 99 94 27 23 23 68 50 74 50 57 52 96 37 22 45 70 87 62 73 16 0 23 27 38 60 69 92 7 85 58 40 24 1 26 29 49 
9 29 80 73 21 70 14 93 40 30 60 35 92 36 61 25 93 46 97 8 47 28 58 64 30 9 94 18 66 7 19 17 40 73 77 77 4 62 20 90 62 56 26 53 67 18 75 59 53 48 
93 25 44 58 31 74 34 87 53 20 88 9 78 37 26 96 74 77 28 77 75 86 4 13 48 38 39 92 2 54 59 58 70 31 42 43 97 75 6 9 2 84 79 96 9 7 59 44 35 95 
